0 0 2 5 6 7 8 15 34 43 47 69 135 141 155 160 171 271 273 303 577 652 814 849 893 949 978 1129 1353 1438 1517 1591 1711 1944 2292 2293 2299 2348 2360 2384 2391 2394 2458 2506 2630 2817 2867 2898 2912
1 0 2 4 5 7 8 15 47 53 67 69 70 93 135 141 155 160 190 271 273 293 390 422 577 600 652 878 893 1084 1284 1327 1420 1438 1614 1841 1875 1924 1979 2252 2293 2329 2384 2416 2447 2486 2576 2577 2630 2667 2676 2712 2817 2831 2867 2871 2873
2 0 5
3 1
4 0 4 5 8 47 66 958
5 1
6 2 3 5 6 7 8 9 10 15 21 28 29 31 36 41 65 66 67 70 76 134 135 171 176 194 239 260 271 345 349 422 539 556 577 590 652 837 851 887 988 1019 1111 1114 1197 1209 1404 1425 1438 1502 1520 1522 1624 1705 1875 1924 1960 1975 1979 2014 2073 2085 2185 2256 2257 2294 2546 2565 2622 2627 2647 2731 2732 2734 2809 2811 2849 2873 2952 3120
7 0 3 4 5 6 8 9 15 17 21 24 28 34 43 45 47 50 55 66 69 76 93 110 115 134 141 144 151 155 171 190 201 277 293 305 366 368 371 421 437 438 464 501 513 515 519 531 532 540 564 577 600 604 619 652 654 682 814 828 851 887 933 947 964 977 1035 1092 1127 1140 1162 1169 1189 1209 1230 1240 1243 1272 1353 1363 1396 1410 1429 1432 1438 1450 1462 1467 1474 1494 1503 1518 1539 1580 1695 1704 1705 1711 1778 1800 1907 1975 1981 2014 2073 2095 2184 2216 2260 2380 2384 2416 2463 2497 2531 2563 2620 2630 2647 2731 2732 2766 2817 2867 2871
8 0 3 4 5 15 239
9 0 3 5 15 18 24 31 43 53 66 76 135 345 502 556 597 911 1016 1297 1420 2214 2384 2506 2776
10 0 2 3 4 5 8 47 66 141 190 421 883 1284 1423 1438 1624 1711 1790 1841 2437 2630 2817
11 0 2 3 4 5 6 7 8 9 15 27 33 41 43 47 53 66 69 93 134 135 141 160 164 171 190 239 271 277 293 302 438 480 528 615 628 652 883 911 1035 1081 1127 1129 1131 1209 1284 1327 1473 1474 1500 1502 1566 1687 1716 1825 1875 2014 2143 2184 2214 2293 2329 2463 2605 2630 2692 2952
12 0 1 3 4 5 6 7 9 10 15 24 34 35 36 39 43 48 50 55 65 66 69 71 75 76 81 83 86 89 93 134 141 144 151 171 176 190 203 213 215 260 277 287 293 302 303 305 366 420 421 438 449 480 519 531 532 541 548 577 586 590 597 602 604 619 652 682 697 797 814 828 829 836 837 861 883 911 941 950 956 958 975 977 983 988 1002 1016 1022 1035 1043 1081 1084 1087 1092 1129 1158 1189 1197 1204 1208 1209 1243 1246 1258 1281 1306 1353 1363 1364 1383 1410 1423 1432 1455 1462 1473 1474 1477 1491 1493 1520 1536 1543 1547 1559 1566 1706 1711 1716 1749 1895 1924 1944 1946 1947 1975 2014 2124 2132 2196 2216 2257 2290 2349 2359 2360 2362 2416 2499 2505 2513 2559 2563 2647 2685 2699 2748 2766 2811 2831 2867 2952 3024 3026 3059 3125
13 0 3 4 5 8 15 43 47 58 66 69 93 135 144 190 239 287 883 1129 1284 1327 1614 1841 2076 2123 2360 2952
14 0 3 4 5 8 9 10 20 45 47 75 86 93 271 779 1511 1518 1711 1897 1975 2123 2184 2185 2360 2499 2732 2933
15 1
16 0 2 5 6 8 15 36 47 69 93 141 155 271 293 303 577 893 1129 1221 1614 2036 2073 2156 2416 2576 2630 2789 2898
17 0 3 4 5 7 15 47 66 135 190 911 1284 2214 2437 2630 2925 2952
18 0 2 3 4 5 7 8 9 15 31 47 58 66 69 70 99 135 160 293 421 682 849 893 1016 1214 1284 1296 1363 1438 1520 1564 1975 1982 2094 2156 2384 2436 2505 2546 2627 2630 2794 2817
19 0 3 4 5 7 8 9 15 20 21 29 47 49 50 65 66 70 85 86 101 144 151 164 171 303 305 349 355 366 371 421 422 501 512 531 532 577 590 615 654 676 680 682 790 823 849 861 893 903 941 988 1016 1083 1102 1129 1155 1189 1206 1209 1246 1284 1296 1306 1383 1404 1410 1432 1467 1500 1502 1566 1711 1875 1944 1975 1982 1990 1999 2072 2094 2211 2290 2299 2384 2437 2463 2499 2522 2546 2630 2683 2692 2693 2794 2817 2927 2938
20 1
21 6 7 62 79 83 87 89 96 111 133 140 147 178 188 192 244 270 274 304 321 322 326 345 352 353 406 421 437 450 473 514 548 572 592 638 649 651 652 654 660 671 704 735 760 790 962 982 1000 1004 1019 1101 1121 1130 1143 1156 1170 1172 1181 1187 1200 1209 1270 1306 1322 1355 1441 1462 1486 1493 1499 1501 1505 1507 1524 1588 1631 1747 1788 1856 2119 2396 2937 3090 3127
22 0 1 3 6 7 9 17 21 43 65 69 86 304 512 671 693 828 829 941 1129 1284 1348 1396 1423 1566 1711 1778 1924 1946 1975 1999 2014 2184 2241 2293 2360 2649 2776 2933 3125
23 1 222 292 475 1325
24 0 2 4 8 9 15 17 20 21 24 29 43 44 45 47 50 58 66 69 70 75 86 93 110 134 141 144 155 171 196 271 277 280 293 304 349 355 421 437 501 531 564 604 682 736 828 849 887 893 903 956 964 977 1016 1028 1030 1035 1050 1056 1062 1129 1149 1158 1159 1189 1206 1209 1228 1306 1348 1413 1425 1462 1467 1492 1494 1500 1511 1518 1520 1539 1598 1704 1705 1732 1841 1947 1960 1975 1979 1990 1999 2123 2156 2184 2185 2293 2360 2391 2436 2497 2630 2685 2706 2766 2783 2817 2891 2933 2960 3001 3088
25 3 5 7 9 15 21 29 55 66 134 141 213 215 260 303 304 337 366 371 421 467 499 531 549 577 604 638 652 682 693 736 761 779 823 829 835 840 861 872 887 917 964 977 1050 1056 1129 1131 1155 1159 1246 1248 1284 1305 1306 1348 1397 1404 1450 1467 1536 1539 1598 1704 1732 1907 1999 2014 2031 2085 2194 2245 2353 2506 2513 2627 2630 2789 2797 2865 2866 2874 2947 2952 2975
26 4 5 8 9 24 27 43 50 55 58 66 69 75 135 190 194 213 271 303 304 355 421 628 653 682 823 849 893 1129 1189 1536 1695 1704 1830 1982 1990 2499 2576 2597 2794
27 4 5 8 9 15 17 24 45 58 69 76 86 110 190 213 260 304 305 336 355 366 501 513 600 604 823 828 893 977 1092 1148 1155 1159 1189 1406 1450 1478 2811 2898
28 0 3 5 9 15 19 66 190 239 302 1129 2517 2797 2933
29 5
30 0 3 4 5 8 47 66 141 958 1711 1790 2630 2856
31 11 367 438 509
32 5 15 141
33 5 6
34 11 14 16 25 367
35 11 16 22 38 82 143 367 438 509 2535
36 3 29 30 1232 1616
37 3 4 6 7 8 9 10 17 21 29 34 35 36 45 47 53 66 67 74 76 83 97 101 102 104 110 144 176 190 215 271 277 287 303 337 345 349 422 437 531 539 549 562 577 600 615 623 638 652 654 671 704 744 861 893 956 958 977 978 988 1016 1019 1081 1084 1112 1140 1159 1222 1230 1248 1284 1315 1405 1423 1445 1450 1467 1473 1474 1494 1520 1522 1543 1598 1614 1705 1711 1732 1759 1975 1977 1982 2030 2072 2245 2256 2353 2384 2622 2654 2667 2668 2731 2811 2834 2905 2947 2954 2991
38 12 23
39 11 16 367 438 509 2535
40 11 367
41 12 13 3048
42 11 16 22 82 88 367 438 509 2363 2535
43 11 16
44 11
45 11
46 11 16
47 12
48 4 235 502 623 918 920 1383 1566 1711 1946 2409
49 11 16 367 438 509 2535
50 12 23
51 12 13
52 12
53 12
54 11 16 59 82 367 509
55 15
56 7 15 28 175 193 198 349 577 590 988 1474 1825 1826 1944 1975 2095 3128
57 11 16 367
58 11 16 22 38 367
59 16 367
60 11 16 377
61 0 5 9 15 43 53 54 69 70 75 93 141 239 293 303 597 1884 1979 1981 2329 2627 2898 2899 2927
62 21 1333
63 22 47 1016 1284 1520
64 23
65 22
66 0 34 36 48 92 395 664 1001 1006 1236 1347 1420 1972
67 22
68 0 3 9 222 292 317 320 425 435 464 475 535 736 807 1063 1079 1109 1333 1339 2507 2756
69 0 9 56 264 284 292 298 317 320 380 435 464 516 541 600 736 768 807 970 1048 1063 1109 1496 1965 1972 2700 2756 2922
70 0 9 22 56 222 261 264 284 292 317 320 380 425 464 475 528 619 689 800 913 1048 1219 1563 1624 1689 1972
71 11 16 38 82 367
72 16 38 276
73 12 23 2080 2568
74 0 1 16 34 36 56 66 71 81 92 222 247 259 261 287 292 317 320 395 425 435 437 516 528 586 600 619 664 689 752 987 1063 1071 1109 1152 1236 1246 1279 1333 1419 1496 1529 1552 1602 1843 2013 2086 2111 2174 2323 2387 2507 2700 3006
75 16 22 26 38 42 48 51 52 57 60 61 62 71 77 91 92 94 100 101 102 103 105 106 111 114 115 120 124 128 140 152 163 180 191 207 210 213 214 255 256 305 329 330 344 350 356 357 361 362 420 423 454 459 506 531 551 624 666 682 699 720 747 869 945 969 994 1040 1207 1508 1604 1786 1789 1977 2180 2193 2433 2525 2552 2644 2853 2885
76 22
77 22 60 1063
78 26 51 80 121 187 353 381 443 444 447 523 531 624 651 764 774 815 1252 1287 1372 1470 1733 1768 1784 1797 1916 2276 2357 2494 2509 2528 2638 2674 2722 2958
79 16 22 26 48 51 57 60 62 63 71 79 80 81 83 84 87 92 97 99 100 101 106 109 110 111 113 115 116 118 119 125 126 127 128 129 130 133 134 136 139 140 147 149 156 158 163 168 169 171 172 177 179 180 181 182 183 184 187 188 194 195 196 199 201 203 205 206 208 209 210 211 212 213 218 219 220 221 224 226 229 231 232 233 234 238 241 242 243 244 246 247 249 252 255 258 260 265 270 272 274 278 279 280 281 282 285 286 289 292 295 301 304 305 310 315 316 320 321 322 325 326 327 330 332 335 336 338 341 342 343 346 350 351 353 354 358 359 362 363 364 369 370 371 373 375 376 379 380 381 384 386 387 388 391 392 394 395 396 399 400 401 402 403 404 405 406 407 409 411 414 415 420 425 426 427 428 431 437 441 442 443 446 447 449 453 454 455 456 458 464 465 466 467 470 471 473 474 475 477 479 480 483 484 487 488 490 493 499 501 505 511 513 518 526 531 536 538 540 541 542 543 545 546 548 550 551 552 553 563 565 567 572 573 574 581 582 585 588 589 592 593 595 600 601 607 611 613 617 620 624 626 627 630 632 633 638 639 641 644 646 649 652 654 655 656 659 661 670 672 673 674 677 679 684 690 691 697 698 699 700 705 707 710 711 712 714 716 718 719 727 733 735 736 740 741 743 744 745 750 758 761 764 770 775 776 777 780 782 783 790 791 795 796 797 798 801 807 809 811 812 813 820 823 831 835 837 839 841 844 845 850 862 863 871 873 875 879 880 882 884 885 886 890 891 892 896 905 912 913 914 916 919 920 923 931 934 938 941 946 947 948 952 955 956 957 959 961 963 964 965 971 978 979 981 983 986 990 998 1004 1005 1014 1015 1016 1018 1019 1024 1037 1042 1051 1053 1054 1057 1073 1078 1083 1085 1087 1089 1092 1098 1099 1103 1106 1115 1116 1118 1119 1121 1133 1135 1137 1142 1145 1146 1151 1153 1156 1167 1177 1179 1180 1183 1184 1202 1211 1215 1217 1226 1233 1238 1239 1242 1246 1248 1251 1252 1253 1257 1261 1264 1266 1272 1283 1284 1286 1287 1289 1290 1293 1300 1301 1304 1310 1318 1326 1332 1338 1342 1343 1344 1345 1352 1356 1359 1360 1362 1365 1366 1367 1372 1376 1382 1384 1386 1390 1394 1402 1404 1406 1408 1414 1417 1418 1427 1435 1440 1444 1446 1447 1449 1451 1454 1456 1457 1458 1461 1462 1465 1466 1479 1482 1484 1485 1486 1488 1494 1495 1503 1504 1509 1513 1520 1531 1532 1533 1534 1539 1541 1544 1548 1549 1552 1560 1561 1562 1566 1573 1582 1586 1596 1598 1607 1609 1610 1619 1621 1622 1633 1638 1639 1640 1642 1649 1651 1659 1660 1664 1665 1671 1673 1674 1676 1681 1685 1690 1693 1701 1713 1715 1722 1723 1731 1733 1736 1738 1739 1746 1747 1749 1750 1751 1754 1756 1763 1774 1780 1782 1786 1791 1809 1810 1814 1815 1822 1824 1827 1832 1833 1835 1836 1848 1851 1852 1854 1856 1865 1873 1878 1879 1889 1892 1894 1906 1920 1921 1927 1941 1943 1945 1950 1968 1970 1980 1983 1984 1988 2007 2011 2012 2019 2023 2032 2033 2044 2050 2069 2084 2098 2106 2117 2124 2125 2130 2134 2135 2137 2148 2156 2158 2160 2170 2182 2189 2190 2191 2195 2204 2219 2221 2233 2241 2242 2265 2282 2301 2308 2316 2318 2321 2397 2424 2445 2461 2479 2481 2530 2560 2579 2584 2607 2609 2622 2629 2633 2646 2650 2661 2677 2699 2702 2703 2753 2759 2949 2998 3078
80 11 16 82 367 438 509
81 21 29 222 515 597
82 11 16 367 438 1196
83 26 55 60 61 62 77 79 80 83 84 87 89 92 100 101 106 107 110 120 128 133 134 140 149 152 178 180 181 186 201 204 206 210 238 243 245 252 256 260 270 280 288 295 296 299 308 313 320 322 326 332 334 351 372 379 387 388 393 396 402 406 414 423 451 452 454 458 462 463 464 472 475 480 483 487 494 506 507 520 527 528 531 535 536 551 560 564 572 576 593 596 630 637 650 654 658 667 683 684 685 686 688 697 698 701 722 723 740 742 744 749 757 764 776 778 793 800 807 811 815 827 828 830 837 843 855 870 885 895 896 916 929 931 941 945 964 976 987 994 1000 1006 1013 1025 1029 1054 1071 1096 1103 1109 1119 1128 1147 1152 1168 1179 1196 1198 1211 1223 1224 1225 1229 1231 1232 1235 1251 1273 1283 1287 1295 1311 1334 1349 1350 1368 1374 1376 1384 1395 1403 1405 1407 1434 1435 1457 1462 1466 1470 1508 1510 1511 1515 1516 1529 1533 1541 1544 1552 1556 1566 1570 1571 1572 1582 1587 1604 1619 1620 1622 1629 1639 1647 1665 1668 1673 1683 1688 1707 1708 1731 1746 1759 1760 1768 1782 1784 1799 1803 1805 1808 1815 1816 1817 1823 1827 1858 1891 1892 1907 1914 1923 1925 1929 1930 1932 1934 1936 1937 1938 1962 1992 2002 2004 2005 2006 2012 2037 2058 2068 2096 2100 2110 2112 2116 2132 2136 2145 2155 2168 2178 2181 2189 2193 2224 2275 2355 2366 2386 2426 2427 2470 2472 2507 2510 2536 2550 2555 2592 2632 2655 2674 2678 2687 2727 2744 2752 2758 2774 2839 2858 2886 2893 2894 2904 2968 2971 3053 3072 3095 3117
84 11 276 367 438
85 11 367
86 11 367
87 11 564
88 11 16 88 367 438 509
89 16 22 26 40 48 51 57 60 61 77 83 89 92 97 100 110 118 120 125 126 127 132 134 137 146 152 153 156 158 180 184 196 197 200 208 212 220 221 227 234 236 238 240 253 259 260 263 269 270 280 284 295 326 327 332 337 340 342 348 351 354 365 370 371 373 379 387 388 391 392 396 405 419 420 429 433 435 437 441 451 458 467 474 493 506 531 542 548 572 581 583 589 591 592 601 607 608 609 617 621 635 646 652 656 684 690 691 692 694 697 701 705 708 710 714 734 740 744 758 759 764 803 823 835 921 935 954 1096 1125 1222 1225 1244 1267 1274 1283 1290 1368 1375 1399 1655 1927 2063 2156 2552 2615 2684
90 3 30 222 247 248 281 292 317 320 437 475 499 586 913 1152 1246 1279 1325 1419 1496 1799 1972 2111 2700
91 30 425 1351
92 22 48
93 16 22
94 32 247 509 564 1177
95 32
96 32 1948
97 19 34 35 36 37 65 72 779 849 1711 1800
98 32 1243
99 5 9 15 34 65 69 135 141 144 155 175 271 293 366 577 615 1030 1129 1206 1353 2094 2095 2184 2185 2293 2344 2617 2817
100 29 57 290 458 602 1315 1498 2323 2540 2778
101 11 16 367 509
102 9 29 77 224 458 491 602 1480 1498 1504 1742 2096 2323 2503
103 32
104 16 38
105 16 38
106 16 38
107 40 51 61 217 282 361 375 381 384 427 455 457 572 630 776 785 845 885 934 1004 1082 1103 1237 1534 1668 1731 1839 1961 1971 1990 2012 2049 2129 2231 2521 2825 2878 2881
108 4 9 29 77 93 151 190 277 290 322 359 491 562 602 617 635 664 841 932 1742 1746 2323 2643 2778
109 16
110 16 38
111 38
112 38
113 4 1531 1755
114 11 16 367 509
115 11 16 22 367 438 509 2535
116 46
117 3 5 8 9 24 47 83 102 110 293 501 513 851 947 1050 1089 1432 1695 1711 2014 2216 2630 2867 2982 3119
118 0 3 5 8 9 15 43 47 53 66 76 135 141 164 539 597 779 849 851 883 1084 1924 2184 2214 2359 2384 2841
119 11 367 438 509
120 3 66 222 291 292 317 320 499 736 768 1593 1594 1616 2123 2700 2756
121 16 38 48 51 60 94 97 100 106 112 146 163 177 197 259 264 272 278 310 437 519 535 850 1006 1366 1531 2023 2255 2669 2708 2900
122 48 60 63 71 81 87 95 99 108 118 168 172 177 182 206 233 242 246 247 259 260 308 326 362 388 404 430 473 487 566 600 614 622 667 696 714 796 843 881 892 912 992 1012 1103 1107 1161 1168 1190 1289 1395 1447 1476 1603 1760 1767 1820 1822 1933 1935 1949 1994 2012 2039 2091 2107 2471 2757 3030
123 11
124 8 24 47 48 176 1284
125 11
126 21 29 222 597 728 752 1711 2039
127 11
128 48 60 108 111 125 138 169 170 172 191 197 218 232 243 257 276 301 324 340 344 362 366 381 391 400 451 536 551 553 554 586 591 624 630 659 667 677 679 723 764 775 817 846 888 924 994 1042 1053 1103 1116 1124 1177 1192 1196 1218 1224 1232 1246 1264 1275 1295 1305 1310 1344 1346 1385 1495 1546 1548 1570 1577 1589 1622 1662 1713 1715 1732 1736 1748 1756 1771 1773 1815 1859 1898 1943 2006 2016 2041 2048 2066 2135 2155 2165 2171 2177 2182 2210 2233 2304 2386 2431 2467 2470 2496 2619 2622 2651 2821 2848 2854 2945 2964 3043 3091
129 50 485 486
130 48 55 97 107 136 167 249 250 274 340 375 411 458 493 536 538 553 581 596 624 629 635 652 691 726 745 757 767 855 858 873 914 916 951 1110 1139 1226 1394 1404 1546 1575 1646 1659 1681 1686 1713 1732 1736 1754 1756 1794 1805 1806 1927 1943 2019 2029 2064 2089 2165 2172 2177 2205 2300 2383 2628 2633
131 48 51 89 91 92 97 102 110 117 149 213 255 316 366 459 531 536 632 655 659 714 740 749 1013 1016 1054 1070 1128 1205 1209 1416 1533 1565 1598 1608 2011 2016 2236 2519
132 11 3102
133 11 16 367
134 11 46 93 367 438
135 16 22 48 51 52 55 57 60 61 62 63 71 77 78 79 80 81 83 87 89 91 92 94 95 97 99 101 102 106 108 109 110 111 113 118 119 121 126 127 128 133 137 142 147 149 154 159 162 163 167 170 171 177 180 181 182 183 184 188 194 196 201 203 204 209 210 211 213 221 224 229 232 233 234 238 240 242 243 249 250 256 258 259 260 261 262 263 264 266 270 272 274 275 280 284 285 288 295 299 301 302 304 305 308 310 312 315 319 320 321 326 332 336 337 338 340 342 343 345 346 352 353 357 358 361 364 365 366 368 370 371 372 373 378 380 381 388 391 395 396 398 402 404 405 406 410 414 415 417 418 420 421 422 423 425 427 429 435 437 441 442 443 444 446 449 451 453 454 457 458 459 461 464 465 467 470 475 477 480 483 487 489 490 493 501 504 506 507 510 511 513 514 519 521 523 531 533 540 541 545 547 549 552 553 554 558 561 564 565 567 568 569 572 581 582 583 588 591 592 600 604 605 608 611 612 613 617 620 623 626 630 635 637 640 642 643 645 646 649 651 652 654 656 657 658 661 662 664 670 673 682 684 685 688 690 698 699 700 704 705 706 710 712 719 720 721 722 731 733 740 744 746 751 756 757 759 761 766 767 770 775 776 780 784 788 791 792 795 797 798 800 802 803 804 808 812 815 821 823 824 826 827 828 830 833 834 835 837 838 843 847 852 853 874 882 884 886 887 888 891 892 895 896 905 907 909 913 916 917 919 923 926 929 933 934 939 941 943 946 947 950 955 956 957 959 964 965 967 971 977 978 980 981 987 989 990 994 1001 1003 1004 1005 1008 1010 1012 1013 1016 1019 1020 1021 1022 1023 1025 1029 1032 1033 1037 1040 1044 1047 1048 1053 1054 1055 1063 1068 1071 1075 1083 1087 1088 1089 1092 1096 1097 1103 1109 1113 1115 1117 1119 1127 1131 1132 1133 1136 1137 1140 1144 1146 1154 1156 1158 1159 1160 1163 1167 1176 1178 1179 1183 1185 1186 1187 1191 1193 1196 1198 1205 1207 1208 1210 1211 1213 1218 1219 1222 1223 1224 1225 1228 1229 1230 1232 1236 1239 1241 1243 1246 1248 1250 1251 1253 1255 1261 1267 1272 1273 1279 1282 1283 1284 1286 1288 1290 1301 1305 1309 1310 1313 1316 1317 1318 1320 1324 1325 1332 1338 1339 1340 1342 1346 1347 1350 1351 1352 1359 1360 1363 1364 1367 1368 1370 1372 1378 1379 1384 1387 1388 1391 1396 1398 1403 1407 1418 1419 1424 1425 1427 1433 1434 1436 1437 1440 1446 1449 1450 1457 1458 1462 1465 1467 1468 1470 1477 1478 1479 1480 1482 1487 1488 1493 1494 1496 1498 1499 1501 1503 1504 1506 1507 1511 1514 1520 1521 1522 1523 1529 1530 1531 1535 1539 1540 1541 1542 1546 1549 1551 1552 1553 1554 1558 1559 1560 1562 1566 1570 1573 1577 1579 1580 1588 1589 1590 1592 1595 1601 1602 1603 1610 1616 1620 1622 1623 1626 1636 1641 1650 1658 1664 1665 1667 1668 1679 1680 1681 1686 1689 1690 1698 1701 1706 1714 1716 1717 1718 1722 1726 1727 1729 1731 1732 1739 1740 1741 1743 1746 1749 1751 1756 1757 1758 1759 1760 1761 1762 1764 1765 1768 1774 1780 1783 1784 1785 1787 1794 1799 1803 1804 1811 1815 1818 1820 1824 1843 1844 1845 1846 1847 1851 1857 1858 1863 1867 1870 1872 1879 1885 1889 1892 1894 1903 1907 1913 1921 1927 1928 1929 1941 1942 1943 1945 1951 1954 1955 1957 1958 1966 1967 1972 1977 1980 1986 1990 1994 1995 2000 2001 2004 2005 2011 2014 2020 2027 2033 2037 2038 2040 2041 2043 2045 2058 2059 2061 2067 2071 2088 2097 2101 2102 2103 2104 2110 2114 2116 2121 2128 2129 2130 2144 2146 2151 2155 2156 2163 2164 2168 2174 2177 2179 2183 2195 2197 2203 2209 2212 2224 2226 2230 2233 2240 2245 2250 2251 2253 2261 2262 2270 2290 2297 2304 2308 2334 2343 2346 2373 2380 2392 2398 2400 2404 2421 2432 2466 2471 2475 2490 2499 2507 2518 2519 2526 2536 2554 2559 2567 2569 2570 2582 2589 2597 2598 2600 2603 2604 2620 2622 2633 2652 2657 2663 2666 2669 2673 2694 2696 2699 2701 2708 2726 2727 2733 2743 2760 2764 2770 2778 2779 2780 2812 2835 2847 2864 2869 2876 2880 2883 2900 2922 2932 2939 2948 2956 2973 2977 3021 3028 3030 3038 3047 3055 3066 3067 3068 3070 3071 3072 3074 3075 3080 3084 3085 3086 3100 3105
136 22 48 55 63 67 80 81 87 88 94 95 97 102 105 106 109 110 112 113 114 115 124 128 131 140 142 146 148 150 163 177 178 180 182 185 187 188 201 202 208 214 219 230 237 240 241 244 249 258 259 260 263 266 270 272 274 275 278 280 281 285 289 299 304 305 309 315 316 319 320 322 323 324 326 332 333 338 339 344 346 347 351 354 360 361 370 371 372 373 376 380 383 385 387 388 391 392 393 396 397 398 404 406 408 409 420 423 426 433 436 439 443 456 465 468 470 473 475 479 488 497 498 499 524 526 536 538 543 547 563 567 582 585 589 607 625 626 631 646 670 673 675 678 701 712 716 720 730 740 751 756 762 772 784 786 788 795 796 797 826 834 845 850 858 880 886 888 892 906 954 956 963 967 979 993 1001 1005 1027 1041 1053 1063 1066 1070 1078 1116 1119 1120 1133 1141 1158 1180 1218 1233 1237 1280 1294 1300 1307 1314 1342 1372 1375 1415 1436 1458 1549 1573 1670 1672 1727 1732 1767 1798 1803 1820 1862 1878 1938 1945 1955 1968 1973 2028 2083 2114 2120 2133 2162 2168 2169 2172 2220 2282 2285 2320 2335 2421 2441 2459 2498 2501 2511 2570 2578 2588 2621 2639 2660 2672 2918 3082
137 51 55 83 97 101 110 118 120 162 171 181 194 195 196 201 209 210 212 219 220 297 337 340 389 392 407 413 416 433 435 450 451 453 455 458 477 493 505 523 551 564 570 588 592 612 624 626 719 740 750 759 769 801 803 811 845 863 914 939 965 973 974 1004 1012 1029 1077 1136 1145 1224 1225 1226 1244 1259 1277 1278 1287 1295 1299 1434 1435 1440 1460 1469 1544 1550 1570 1575 1584 1587 1659 1718 1747 1753 1766 1767 1775 1792 1803 1804 1822 1823 1878 1894 1928 1947 1950 1985 1989 2035 2042 2077 2088 2089 2122 2129 2146 2172 2174 2254 2263 2312 2314 2318 2332 2346 2355 2468 2502 2543 2684 2730 2764 2813
138 11 16 438 509 1675 2363
139 50
140 48 51 55 62 63 79 83 89 102 105 107 110 111 118 128 136 138 142 149 150 152 167 168 169 174 179 183 185 194 203 209 218 221 224 226 241 243 250 252 257 259 265 272 279 282 286 295 301 304 324 327 331 337 339 341 350 362 363 365 366 379 384 387 395 397 411 414 425 427 430 437 443 454 463 465 471 477 483 488 500 538 547 550 553 554 567 572 581 620 625 650 652 670 691 699 710 712 715 740 750 753 758 763 775 795 809 816 823 827 835 843 858 873 876 881 892 896 908 909 912 950 959 965 967 990 1012 1019 1040 1042 1066 1073 1104 1106 1121 1150 1151 1177 1190 1198 1218 1226 1232 1249 1251 1253 1284 1293 1300 1331 1363 1417 1425 1458 1549 1551 1557 1571 1616 1659 1677 1751 1761 1815 1822 1882 1894 1927 2021 2086 2134 2135 2210 2290 2326 2352 2432 2918 2967
141 11 3102
142 4 9 15 24 69 75 76 194 213 303 336 371 421 437 467 499 531 549 604 671 682 704 837 903 941 956 977 1092 1127 1131 1159 1189 1240 1462 1465 1467 1494 1554 1732 1947 2031 2132 2293 2349 2463 2470 2811 2865
143 4 8 9 15 29 55 69 76 97 135 190 194 213 260 303 304 305 366 421 540 564 604 652 653 671 682 736 748 926 1062 1129 1228 1396 1494 1536 1554 1598 1704 1705 1718 1875 1990 1999 2014 2031 2073 2132 2214 2360 2811 2866 2947 2952 3093
144 51 55 57 89 101 115 134 162 177 187 203 219 236 264 304 316 318 323 337 353 357 359 364 370 389 413 427 435 439 458 460 481 505 535 589 663 673 678 684 696 698 737 853 857 865 873 942 953 969 981 999 1007 1012 1040 1068 1101 1121 1176 1195 1218 1233 1244 1250 1288 1351 1361 1403 1537 1562 1570 1642 1700 1742 1747 1753 1802 1814 1821 1873 1876 1928 1950 2002 2077 2078 2088 2232 2235 2254 2310 2370 2408 2639 2941
145 56
146 16
147 56
148 56
149 56 2739
150 16 56 564 1547 2448
151 56 464 1948 2080
152 56 93
153 11 16 56 81 357 367 423 464 564 1063 1177 1236 1354 1547
154 56 2842
155 11 56 1236
156 56 88 1012 1236 2988
157 56 464
158 56 1177
159 11 3102
160 11 56
161 56 88 357 367 438 464 564 1063 1196 1354 2080
162 22 51 55 57 60 71 79 80 81 87 88 92 94 97 118 128 180 210 213 289 404 420 423 441 584 657 659 714 742 791 807 815 909 994 1012 1022 1033 1057 1168 1385 1407 1529 1565 1799 1804 2156 2467 2560 2625 2697 3022
163 34
164 34
165 34
166 3 320
167 34 36
168 34
169 34
170 3 9 292 298 317 380 1958
171 34 36
172 38 40 48 71 81 89 91 94 106 110 112 128 149 154 203 210 211 219 240 243 259 270 283 288 301 305 308 316 318 357 366 374 388 400 403 415 433 442 448 464 465 469 490 506 571 575 579 581 654 672 684 685 686 687 696 756 788 806 808 815 821 827 828 870 897 898 914 923 927 929 931 945 946 981 993 994 1012 1040 1053 1077 1092 1134 1147 1153 1160 1186 1190 1211 1241 1284 1321 1338 1342 1346 1363 1387 1395 1396 1411 1418 1431 1434 1449 1485 1494 1512 1531 1551 1571 1600 1609 1612 1652 1656 1689 1723 1760 1783 1802 1853 1880 1894 1941 2007 2041 2082 2107 2142 2149 2156 2172 2221 2229 2239 2263 2277 2322 2327 2432 2472 2550 2555 2591 2621 2664 2748 2754 2763 2798 2948 3121
173 34
174 60
175 22 51 71 77 79 80 83 89 92 94 101 128 134 152 171 180 210 213 260 264 272 295 316 322 323 337 345 357 366 372 376 387 392 403 410 419 423 455 478 503 523 526 548 551 561 572 586 591 607 624 633 643 662 663 691 740 789 811 826 845 892 934 935 947 948 968 969 1076 1094 1133 1198 1223 1244 1301 1342 1350 1389 1398 1447 1449 1458 1462 1509 1529 1575 1630 1647 1752 1766 1849 1933 1943 2020 2100 2120 2169 2172 2176 2181 2330 2347 2399 2406 2485 2570 2775 2781 2843 2901 2930 2987
176 34 36
177 34
178 34
179 34
180 34
181 50
182 50
183 50
184 11 16
185 56
186 56
187 56
188 56
189 11 3097
190 56
191 34
192 34
193 34
194 51 55 62 80 97 101 102 106 107 110 111 125 126 128 138 142 169 171 179 180 183 187 203 207 214 226 243 256 269 283 295 300 310 332 341 354 357 363 379 380 391 394 403 420 437 444 474 479 494 536 544 568 583 588 598 599 627 649 655 658 661 675 687 725 734 750 775 787 863 885 891 892 1004 1116 1193 1213 1226 1342 1355 1366 1434 1511 1792 1947 2010 2189 2259
195 16 51 71 80 87 91 95 97 99 100 109 110 111 113 118 137 167 171 172 180 188 201 205 212 213 218 221 233 272 274 283 286 295 301 323 324 330 344 353 361 363 370 376 382 391 393 400 405 426 427 436 444 455 458 463 467 473 475 477 479 480 493 519 531 536 538 543 548 550 572 617 633 652 654 674 682 696 697 712 733 740 761 763 770 786 796 798 800 816 821 823 835 850 858 870 873 875 888 892 894 899 906 913 971 987 992 993 1006 1019 1021 1049 1054 1064 1098 1103 1113 1119 1178 1211 1228 1229 1235 1249 1257 1261 1263 1283 1285 1286 1289 1321 1323 1325 1331 1334 1340 1352 1359 1367 1380 1407 1412 1418 1447 1451 1458 1461 1485 1503 1515 1521 1525 1533 1544 1573 1577 1597 1606 1612 1622 1632 1654 1659 1670 1684 1693 1741 1797 1803 1815 1820 1885 1926 1928 1941 1985 2018 2033 2169 2183 2188 2218 2366 2379 2386 2392 2395 2520 2526 2551 2580 2639 2684 2727
196 50
197 34 36
198 60
199 11 16 367
200 34
201 34
202 34
203 34
204 34
205 64 1012 1358
206 34
207 34
208 34
209 60 1012 1063 1113 1321
210 11
211 12 23 847 1463 1924
212 16 48 51 62 79 80 81 83 95 101 106 110 111 116 118 120 126 131 140 147 149 150 152 153 154 156 157 162 169 171 177 179 180 181 187 191 196 201 203 204 205 208 210 218 224 229 233 236 237 247 248 253 257 260 264 274 281 283 284 286 289 295 305 307 316 321 322 326 329 330 343 353 356 370 371 373 376 379 381 387 391 416 421 428 433 440 455 456 458 460 462 465 466 474 475 476 498 501 506 528 542 544 548 551 553 564 565 567 587 593 601 620 633 659 669 672 694 695 720 731 759 776 804 813 826 828 845 913 950 1012 1013 1057 1147 1183 1289 1342 1372 1440 1507 1671 1690 1965 2069 2178 2213 2406 2523 2603 3028
213 16 22 38 51 55 57 62 71 77 80 87 89 92 97 101 108 113 117 122 150 152 158 168 169 171 177 180 183 185 195 196 203 206 211 213 219 221 236 237 241 244 249 256 259 260 272 283 304 320 325 326 327 338 344 352 361 362 363 364 370 371 376 391 396 404 420 425 433 435 437 453 459 464 476 487 519 523 531 535 540 550 551 561 565 569 583 585 600 605 609 613 617 624 632 635 643 650 654 658 661 696 701 722 731 740 745 750 770 776 787 791 796 819 835 845 858 865 895 901 913 930 961 962 964 1008 1012 1016 1032 1036 1042 1050 1053 1066 1068 1071 1072 1077 1083 1095 1100 1103 1104 1118 1136 1150 1151 1158 1168 1169 1192 1211 1224 1229 1230 1233 1235 1246 1252 1288 1301 1334 1336 1361 1388 1403 1406 1430 1462 1467 1482 1485 1494 1522 1539 1546 1551 1577 1604 1636 1668 1671 1679 1680 1688 1727 1732 1749 1766 1792 1801 1805 1816 1824 1830 1840 1858 1913 1919 1928 1933 1935 1950 1968 1978 2010 2025 2034 2060 2069 2081 2086 2090 2107 2124 2129 2156 2163 2194 2243 2369 2442 2452 2611 2657
214 50
215 16 22 40 48 51 60 61 77 79 80 83 88 92 110 114 115 118 128 140 147 152 156 158 169 180 188 195 203 204 208 210 228 229 232 234 247 256 269 270 284 295 300 305 313 338 339 343 344 346 350 359 374 381 387 389 391 421 451 459 462 480 506 531 537 548 551 558 560 568 572 620 621 633 638 652 659 662 668 675 688 694 699 704 709 720 736 744 746 747 778 781 829 843 885 926 969 975 1098 1117 1224 1267 1366 2528 2805 2844
216 23
217 50
218 50
219 50
220 60 89 172 192 270 272 304 359 583 588 643 1077 1121 1137 1203 1225 1251 1434 1509 1702 1718 2039 2174 2194 2346 2434 2489 2708
221 64 2548
222 16 48 51 55 62 83 87 99 100 108 111 126 130 132 167 169 179 184 195 208 210 213 229 238 242 250 260 265 270 272 301 311 315 321 323 327 334 354 364 365 374 375 381 386 391 394 400 409 428 437 449 455 465 467 473 474 487 493 505 510 536 548 559 565 566 572 581 592 595 605 617 620 630 633 651 656 659 663 667 670 718 740 742 756 758 763 764 790 791 812 816 822 823 831 835 836 839 845 853 863 865 875 881 896 909 913 916 924 936 938 940 952 957 961 964 965 971 985 987 990 1012 1013 1014 1016 1051 1053 1098 1103 1105 1107 1112 1116 1119 1130 1131 1134 1161 1167 1179 1202 1226 1231 1236 1248 1264 1267 1272 1284 1288 1302 1309 1310 1345 1347 1375 1404 1418 1453 1462 1467 1469 1479 1485 1510 1513 1528 1534 1542 1577 1578 1606 1618 1637 1642 1643 1650 1654 1663 1665 1678 1689 1699 1700 1729 1748 1758 1786 1795 1803 1805 1882 1889 1894 1921 1927 1943 1947 1978 1987 1994 1998 2009 2012 2019 2024 2043 2070 2096 2098 2205 2268 2327 2345 2364 2369 2374 2523 2553 2558 2603 2622 2633 2645 2684 2733 2740 2742 2775 2830 2869 2892 2993 3005 3012 3028 3072
223 50
224 50
225 50
226 50 81
227 50
228 50
229 50
230 16 38 51 62 71 78 87 89 92 94 105 109 111 113 136 147 149 159 163 167 181 184 207 211 213 220 229 233 236 246 247 259 269 270 274 297 305 320 326 328 341 346 354 361 363 364 376 392 393 397 426 429 434 435 437 449 464 474 484 516 517 531 535 536 542 551 552 558 592 607 632 641 651 655 656 659 660 674 684 712 718 721 736 745 758 764 765 776 795 796 807 822 823 838 853 866 871 875 892 908 943 951 967 976 977 983 997 999 1006 1012 1014 1016 1032 1034 1041 1043 1063 1066 1074 1085 1103 1132 1136 1143 1146 1158 1170 1195 1196 1205 1211 1224 1243 1246 1248 1264 1282 1283 1301 1324 1338 1366 1377 1395 1398 1407 1434 1435 1437 1444 1447 1448 1449 1451 1462 1466 1488 1503 1543 1546 1551 1574 1586 1592 1622 1638 1657 1659 1662 1667 1693 1709 1715 1723 1733 1747 1756 1759 1794 1797 1803 1815 1835 1836 1852 1854 1864 1871 1879 1889 1905 1907 1911 1929 1935 1941 1972 2005 2066 2084 2090 2110 2114 2116 2129 2135 2172 2193 2195 2218 2243 2247 2305 2311 2314 2354 2367 2389 2452 2475 2489 2507 2534 2536 2618 2622 2633 2696 2701 2740 2827 2869 2921 2978 3010 3013 3039 3043 3101
231 50
232 50
233 50
234 50
235 50 577 867 1129
236 50
237 50 190
238 16 22 38 51 62 77 80 83 88 89 102 106 110 115 118 127 128 132 134 138 145 147 152 156 158 162 163 169 171 183 195 196 197 201 204 205 210 212 213 217 221 224 227 233 234 237 243 252 254 256 269 270 274 279 282 284 296 305 310 319 320 327 332 334 340 343 344 346 359 362 368 371 376 381 391 395 415 416 420 425 433 435 444 446 450 451 455 462 464 465 470 506 507 513 517 518 523 531 536 537 540 547 548 549 551 552 560 568 585 592 596 600 620 622 624 626 633 651 656 658 663 682 684 685 697 699 700 709 722 736 740 741 742 759 761 764 770 775 784 788 807 809 811 830 834 836 843 844 877 888 892 895 905 909 913 915 923 929 945 947 950 956 957 968 969 975 977 986 987 990 996 1004 1008 1020 1047 1055 1065 1077 1087 1103 1106 1109 1110 1112 1120 1131 1133 1153 1162 1176 1177 1178 1196 1215 1224 1226 1234 1235 1251 1253 1263 1265 1271 1284 1286 1287 1288 1295 1300 1318 1334 1335 1338 1339 1340 1346 1350 1364 1374 1375 1389 1392 1407 1415 1421 1425 1430 1434 1435 1440 1441 1444 1468 1477 1482 1486 1488 1494 1501 1529 1530 1546 1549 1559 1562 1565 1577 1587 1613 1622 1630 1636 1650 1657 1688 1690 1705 1708 1728 1732 1748 1757 1759 1766 1785 1792 1794 1797 1805 1808 1815 1834 1837 1876 1922 1928 1932 1943 1950 1961 1962 1971 1992 1994 2006 2039 2066 2069 2075 2082 2096 2100 2113 2118 2124 2126 2129 2145 2146 2155 2156 2167 2174 2186 2191 2196 2199 2203 2215 2227 2267 2310 2317 2318 2321 2322 2327 2334 2345 2352 2450 2459 2477 2484 2502 2507 2584 2603 2634 2644 2646 2682 2697 2719 2771 2775 2781 2818 2838 2881 2897 2923 2931 2957 2986 3014 3032 3036
239 48 51 62 77 79 80 81 83 84 88 89 91 92 100 101 102 110 114 120 126 128 138 152 158 170 177 180 189 205 206 210 219 224 238 249 258 259 260 270 283 313 321 322 327 329 339 342 347 361 362 374 404 445 451 462 477 495 514 536 558 571 583 593 607 651 683 688 701 711 735 773 795 844 852 876 885 888 1044 1063 1219 1229 1252 1278 1301 1516 1539 1552 1622 1688 1751 1892 2060 2089 2218 2314 2317 2355 2386 2443 2552 2559
240 51 60 62 77 79 83 87 107 118 127 136 142 147 177 196 211 220 233 241 247 251 252 254 260 265 285 289 301 315 316 321 353 356 372 388 393 397 410 414 427 433 435 458 461 473 493 510 511 526 531 533 548 593 600 605 607 613 620 652 655 656 667 688 691 699 735 736 747 750 788 801 809 817 834 837 879 880 912 913 931 944 956 1012 1041 1099 1121 1127 1150 1153 1207 1218 1223 1225 1235 1293 1357 1367 1376 1470 1494 1522 1541 1603 1637 1640 1685 1693 1712 1720 1722 1731 1754 1788 1804 1806 1863 1873 1880 1900 1928 1932 1954 1996 2010 2016 2021 2043 2066 2086 2087 2147 2186 2190 2203 2217 2228 2243 2250 2251 2268 2271 2287 2361 2366 2372 2432 2446 2464 2471 2475 2476 2479 2483 2545 2567 2571 2583 2644 2677 2806 2839 2850 2909 2910 2922 3002 3017 3031 3042
241 62 71 658 1226 1259 1323 1534 1745 1869 1922 1934 2167 2655 2838
242 51 57 62 77 78 81 87 89 101 106 108 120 147 154 177 180 203 210 224 233 247 256 258 260 266 270 286 289 320 350 364 374 388 451 477 557 564 591 631 652 658 688 696 700 712 747 815 827 828 836 847 892 929 934 957 987 1013 1016 1022 1023 1025 1053 1054 1071 1101 1119 1152 1196 1200 1207 1216 1224 1250 1279 1340 1347 1361 1386 1456 1478 1496 1681 1685 1761 1932 2090 2164 2202 2218 2355 2405 2417 2421
243 48 77 89 95 111 158 183 184 187 204 227 241 250 262 274 294 305 320 326 341 391 396 404 408 427 447 466 473 487 526 581 585 617 625 743 786 835 977 993 1005 1006 1012 1042 1103 1131 1179 1217 1239 1241 1248 1249 1341 1417 1477 1546 1561 1622 1628 1654 1693 1754 1757 1848 1894 2048 2177 2187 2203 2235 2422 2520 2567 2803 2819 3021 3035
244 9 17 30 291 292 516 807 2245
245 40 67 83 86 87 89 101 108 120 134 171 184 196 211 243 256 266 280 345 364 371 372 443 450 454 456 487 520 526 536 541 560 561 576 581 613 624 700 761 803 825 828 829 832 847 927 946 972 1014 1029 1062 1080 1107 1116 1126 1157 1158 1168 1181 1204 1246 1270 1330 1347 1387 1499 1553 1620 1637 1700 1859 1921 1977 2013 2044 2152 2167 2240 2289 2321 2380 2390 2438 2595 2641 2843 3045 3126
246 9 151
247 9 77 224 290 458 491 635 1197 1480 2503
248 9 491
249 9 2503
250 9 1742
251 11
252 11 22 88 93 584 1177 1196 1312 2080
253 11 2080
254 9 190
255 9 491 2642
256 9 290
257 11
258 50 68
259 50
260 51 62 92 118 119 131 188 260 272 318 430 437 463 605 626 639 794 963 971 999 1150 1596 1636 1693 1814 2452 2726 2948
261 9
262 9 491
263 9 491 1498 1742
264 9 57
265 11 1177
266 50
267 50
268 50
269 11 42 423 516 1063 1948
270 11
271 9
272 9 290
273 9
274 9 602
275 9 290
276 9 2323
277 9
278 9
279 9
280 9 77 458 664
281 50
282 51 77 79 80 89 168 234 247 283 295 366 374 449 531 1022 1040 1103 1177 2203 2209 2950
283 50
284 3 9 24 58 76 235 287 438 823 835 1084 1711 2079 2216 2416 2731 2789 2802 2982 3015 3016
285 38 51 55 71 79 80 89 92 94 105 111 129 167 177 179 183 209 212 227 230 241 242 243 246 259 272 278 289 301 306 324 339 352 353 357 371 372 376 379 387 391 435 440 443 451 455 457 471 487 490 493 500 501 542 552 572 617 656 674 795 800 850 859 865 902 938 955 995 1006 1032 1033 1034 1042 1051 1103 1132 1135 1161 1175 1215 1248 1249 1268 1305 1307 1378 1448 1484 1510 1524 1555 1584 1637 1692 1693 1728 1749 1758 1767 1788 1804 1832 1857 1865 1917 2039 2051 2147 2165 2203 2223 2355 2358 2369 2379 2426 2440 2593 2629 2874 2875 2957
286 22 1063
287 22 93 1129
288 22
289 11 22 93 247 357 464 934
290 16 55 77 80 94 109 111 134 158 159 171 209 211 224 229 250 257 259 264 275 279 316 326 338 340 351 373 399 403 428 434 443 453 468 470 479 484 488 496 520 526 528 531 536 541 550 564 568 573 581 585 592 607 608 609 613 617 624 634 656 659 670 674 697 716 735 758 775 786 790 801 803 821 870 943 979 981 1008 1016 1021 1066 1073 1135 1156 1157 1190 1201 1205 1215 1228 1239 1246 1248 1253 1254 1284 1286 1342 1418 1427 1433 1464 1470 1490 1528 1530 1639 1648 1655 1671 1700 1757 1809 1810 1828 1859 1900 1902 1921 1943 1977 2006 2008 2091 2104 2108 2123 2147 2218 2222 2286 2315 2317 2328 2368 2679 2681 2711 2880
291 50
292 48 1284
293 22
294 22
295 48
296 69
297 50
298 11 22 93 177 367 438 464 1177 1196 2080
299 11 22 93 367 438 1177 1196 2080
300 11 22 93 367 438 509 1177 1196 2080
301 11 22 93 367 438
302 16 123 126 146 185 200 201 218 229 232 250 260 270 351 412 437 458 496 500 529 551 573 586 601 617 651 661 672 699 734 764 790 943 971 987 1021 1026 1027 1054 1063 1110 1178 1196 1224 1226 1228 1254 1311 1325 1335 1337 1342 1399 1404 1441 1465 1526 1539 1550 1558 1574 1639 1654 1684 1715 1722 1732 1772 1793 1805 1894 2066 2069 2100 2106 2135 2148 2172 2173 2189 2277 2306 2364 2369 2405 2417 2474 2476 2552 2556 2557 2575 2666 2733 2821 2851 2966 3035 3052
303 48 270 1284 1445
304 47 48 270 1284
305 11 66 367 564
306 50
307 16 94 125 132 149 152 167 208 209 218 227 229 238 253 260 274 280 281 283 295 312 321 326 342 353 354 364 376 379 388 389 409 428 429 443 463 469 487 501 523 530 558 562 565 569 576 585 617 633 646 652 654 670 682 699 710 711 730 756 757 764 775 796 803 811 812 828 844 845 850 863 865 875 876 880 881 895 906 927 936 954 989 1010 1012 1014 1016 1043 1076 1091 1096 1099 1103 1109 1118 1119 1121 1161 1173 1195 1205 1211 1226 1235 1239 1244 1245 1247 1264 1287 1290 1336 1344 1470 1558 1606 1621 1650 1654 1678 1699 1727 1741 1760 1865 1917 1927 1994 2019 2039 2068 2114 2120 2236 2347 2495 2598 2741 2758 2940
308 50
309 48 270 1016
310 56 222 292 652 1152 1219
311 56
312 56 292
313 56 317 320
314 73
315 9 56 222 292 295 317 320 437 475 1138 1552 1799
316 9 56 292 317 320
317 9 320 380 658 1333
318 9 22 425 435 1494
319 9 30 292 320 1665 1744
320 56
321 48
322 50
323 11
324 11
325 11 2080
326 11
327 50
328 50
329 0
330 50
331 55 77 79 80 83 84 87 89 95 97 101 109 110 111 113 115 118 119 132 134 139 146 147 159 167 168 169 171 177 181 182 183 184 187 195 196 200 201 205 207 209 210 211 213 218 220 221 224 226 229 231 232 233 240 241 242 243 244 249 251 252 256 258 259 260 262 263 265 270 272 274 275 278 279 280 281 285 286 289 305 307 308 309 313 316 320 321 322 326 330 336 337 338 341 342 343 348 354 361 363 364 366 368 371 372 373 374 375 381 382 384 388 393 394 396 400 402 403 405 406 414 415 420 425 426 427 428 442 444 446 447 450 454 455 457 458 463 470 471 473 474 475 476 477 479 480 483 487 488 493 494 508 519 526 530 533 535 536 538 540 545 548 551 569 572 573 580 581 585 592 593 600 603 613 617 626 627 629 635 639 644 652 654 656 658 659 660 670 673 674 677 678 684 691 696 699 701 712 716 726 740 741 742 748 753 757 758 759 763 764 767 774 776 780 783 784 786 794 795 796 801 803 807 809 813 815 817 819 822 823 826 831 832 833 835 848 853 858 865 871 873 876 882 886 892 896 906 908 909 913 916 921 927 938 945 951 959 965 966 971 975 981 986 990 995 999 1004 1005 1006 1013 1020 1042 1051 1053 1061 1066 1073 1098 1099 1100 1101 1103 1107 1110 1116 1123 1137 1142 1143 1146 1150 1151 1156 1166 1177 1179 1180 1182 1183 1190 1193 1198 1202 1207 1210 1211 1216 1220 1224 1226 1228 1236 1239 1244 1246 1247 1249 1251 1255 1257 1266 1273 1284 1287 1289 1290 1293 1302 1311 1318 1332 1334 1338 1343 1344 1345 1351 1366 1367 1371 1384 1386 1388 1394 1404 1408 1409 1414 1418 1427 1441 1443 1447 1450 1453 1458 1462 1466 1467 1469 1476 1487 1488 1490 1504 1510 1514 1533 1539 1541 1544 1548 1549 1557 1573 1577 1582 1592 1596 1598 1603 1609 1612 1616 1623 1624 1632 1635 1639 1642 1647 1659 1665 1670 1671 1676 1680 1681 1689 1690 1701 1705 1727 1736 1740 1742 1748 1749 1751 1753 1756 1760 1761 1763 1764 1774 1779 1786 1788 1803 1804 1805 1806 1811 1822 1840 1847 1855 1859 1865 1866 1868 1877 1888 1889 1894 1920 1926 1927 1934 1935 1937 1942 1952 1953 1961 1963 1976 1980 1994 2009 2012 2015 2019 2020 2037 2041 2047 2059 2062 2098 2101 2107 2108 2109 2113 2121 2123 2125 2128 2134 2137 2140 2148 2151 2154 2158 2159 2169 2172 2180 2182 2187 2195 2198 2207 2213 2217 2218 2220 2228 2236 2237 2241 2243 2246 2248 2253 2262 2271 2278 2281 2282 2285 2295 2311 2318 2319 2330 2338 2340 2350 2365 2368 2375 2385 2398 2400 2415 2422 2455 2468 2473 2475 2483 2495 2523 2530 2536 2537 2538 2558 2562 2572 2583 2595 2601 2626 2637 2644 2646 2648 2650 2656 2661 2699 2705 2707 2726 2742 2747 2753 2768 2769 2812 2827 2829 2852 2888 2908 2913 2959 2965 2967 2990 2995 3005 3011 3021 3028 3030 3034 3057 3061 3064 3065 3072 3098
332 48 78 89 118 140 150 178 181 184 195 196 210 212 221 249 295 309 326 344 352 355 396 416 433 453 481 572 620 671 682 686 687 688 740 787 873 887 896 959 1020 1029 1100 1137 1143 1185 1224 1244 1273 1386 1396 1443 1458 1515 1544 1620 1757 1806 1982 2118 2372 2419 2829
333 82
334 3 36 47 62 76 83 134 190 637 638 671 977 1019 1040 1230 1944 1975
335 84 113 129 173 197 204 256 279 285 328 426 446 494 495 554 561 562 580 761 780 1582 1710 1795 1833 1834 1847 1866 1904 1927 2024 2110 2180 2186 2200 2201 2234 2298 2311 2328 2368 2381 2586 2840 2934 2946 2955 2972 3053 3113
336 48 51 77 83 89 92 99 101 103 106 120 133 152 189 204 210 252 259 270 295 326 350 357 372 494 514 535 564 662 667 683 684 710 719 740 757 853 945 947 968 1053 1063 1096 1115 1119 1126 1153 1168 1170 1185 1230 1361 1374 1441 1456 1516 1530 1531 1595 1636 1646 1657 1749 1752 1784 1804 1871 1905 1910 2180 2240 2264 2302 2309 2311 2861 2922
337 50
338 87 106 162 163 242 243 253 426 521 559 836 1103 1264 1283 1566 1882 2012 2128 2567 2587
339 90
340 50
341 79 97 100 110 152 169 177 183 185 195 201 218 229 243 258 278 295 304 311 330 339 341 361 363 381 387 391 414 420 431 433 447 468 474 488 493 504 507 538 545 552 563 595 607 633 659 686 740 747 750 770 774 775 844 865 913 1005 1051 1067 1228 1366 1444 1452 1488 1516 1622 1625 1880 1921 1943 2084 2298 2438
342 50
343 51 55 79 94 109 119 136 177 182 205 207 234 267 281 289 328 343 353 437 507 511 711 803 885 1000 1135 1513 1596 1715
344 21 29
345 50
346 95 98 161
347 100 109 430
348 81 225 243 311 427 468 471 514 535 543 581 620 649 667 673 766 803 812 1211 1363 1384 1521 1551 1689 2041 2173 2221 2298 2350 2527 2594 2640 2648 2884
349 51 55 77 80 94 100 116 118 130 136 162 167 169 177 187 210 218 229 238 270 283 301 319 323 324 348 392 394 409 454 457 458 466 477 492 493 506 510 564 565 569 623 652 667 671 716 740 762 796 864 962 967 984 986 1049 1066 1106 1177 1182 1190 1199 1223 1249 1251 1288 1293 1344 1444 1562 1586 1592 1606 1659 1671 1779 1780 1803 1806 1822 1831 1889 1923 1930 1949 2089 2219 2309 2407 2488 2499 2603 2726 2793 2897 2997 3056
350 77 83 87 89 97 102 110 112 113 116 118 132 137 140 163 167 169 174 181 182 183 192 203 206 209 212 220 226 243 247 249 252 255 259 260 261 265 266 283 301 315 321 336 340 341 345 364 366 371 388 459 473 475 476 479 493 498 511 526 527 531 538 540 549 551 561 572 580 593 600 607 613 620 622 634 656 665 673 691 709 716 745 753 766 770 774 775 803 808 812 820 843 848 854 858 875 881 905 909 912 913 917 919 940 954 968 982 985 1018 1024 1041 1043 1050 1052 1055 1057 1060 1061 1065 1066 1067 1077 1086 1090 1091 1093 1261 1301 1325 1336 1342 1382 1634 1654 1882 1935 2046 3023
351 22 284 295 317 320 380 689 987 1048 1689 2756
352 22 1337 1339 1452 1665
353 89 92 95 98 100 101 106 118 120 128 150 152 156 162 181 189 197 203 209 240 243 249 256 259 263 268 279 280 313 332 340 341 346 370 375 392 435 440 446 507 672 700 709 811 865 969 1012 1013 1177 1193 1284 1289 1367 1388 1485 1508 1545 1700 1803 1804 1893 1907 2000 2043 2193 2260 2687 2989 3081
354 51 89 97 105 109 146 147 152 169 172 183 259 260 263 265 305 321 328 330 364 381 412 433 454 492 493 531 538 549 552 554 569 572 582 616 626 627 643 681 740 750 812 823 843 848 912 948 978 987 1023 1042 1103 1228 1241 1246 1254 1261 1293 1372 1402 1418 1567 1668 1722 1749 1796 1972 2024 2039 2066 2130 2159 2189 2298 2411 2438 2495 2725
355 80 92 100 110 127 183 243 269 270 272 283 334 342 343 358 417 421 439 441 475 520 526 558 633 655 658 682 701 735 756 764 782 785 803 874 895 938 945 984 1074 1127 1152 1182 1228 1235 1248 1283 1287 1288 1342 1381 1389 1407 1482 1533 1613 1693 1761 1763 1804 1863 1866 2139 2253 2271 2311 2331 2532 2558 2570 2595 2624 2641 2719 2976 3005
356 95 100 109 113
357 60 87 97 107 115 163 171 177 183 187 197 207 238 251 259 272 279 315 327 341 404 408 441 442 470 479 494 520 562 584 642 643 646 709 787 790 798 931 1338 1632 1671 1729 1731 1820 1913 2060 2186 2198 2241 2243 2262 2355 2425 2688 2800
358 12
359 71
360 50
361 60 77 80 83 92 94 101 102 110 120 156 158 159 180 210 212 213 219 249 274 280 297 304 316 332 344 356 370 371 387 394 425 432 451 455 460 464 474 505 506 513 519 527 535 548 564 572 583 586 596 605 607 620 638 643 651 652 659 688 698 700 702 703 716 720 735 739 740 747 754 759 770 776 783 791 803 811 829 832 861 870 892 957 1038 1039 1064 1071 1076 1099 1105 1131 1133 1166 1183 1226 1243 1278 1301 1338 1372 1389 1395 1435 1440 1457 1463 1482 1606 1630 1643 1690 1708 1732 1767 1780 1804 1873 1889 1903 1930 1965 1994 2011 2117 2157 2167 2174 2263 2274 2321 2347 2467 2616 2742 2759 2813 3114
362 3 9 15 29 93 134 190 277 366 589 615 652 1096 1140 1363 1396 1410 1450 1553 1704 1705 1711 1947 1975 2095 2293 2380 2630 2647 2732 2809 2867 2906
363 77 80 88 91 107 109 113 117 124 130 242 341 370 371 421 440 490 493 584 623 635 642 647 696 722 725 736 745 757 763 819 847 882 908 927 943 981 983 1032 1096 1119 1182 1218 1362 1395 1449 1513 1542 1582 1665 1730 1758 1813 1935 2033 2124 2128 2160 2421 2493 2736 3053
364 115 189 224 226 243 449 465 488 535 818 922 1046 1140 1157 1231 1330 1464 1490 1509 1609 1771 1889 2026 2569 2723 2979
365 118 150 169 171 172 181 243 314 350 416 464 484 504 582 637 655 725 817 839 874 1032 1071 1194 1346 1408 1717 1757 1762 1770 2057 2133 2288 2295 2653 2836
366 57 60 77 79 81 87 91 92 102 117 132 140 149 168 170 180 192 196 213 247 259 270 320 344 357 359 366 396 404 451 459 464 500 501 531 560 683 700 701 709 710 711 736 740 742 885 897 900 927 946 947 969 987 1012 1022 1040 1053 1071 1080 1112 1143 1169 1211 1224 1232 1233 1283 1338 1346 1374 1388 1449 1559 1577 1759 1842 1851 1921 1994 2119 2156 2188 2339 2352 2361 2421 2678 2823 3027
367 123 126 127 788 888 1850
368 51 89 125 181 211 243 259 266 354 437 454 479 882 886 948 1156 1307 1548 1557 1685 1715 1747 1811 1883 1918 1947 2108 2198 2298 2744
369 12
370 62 105 111 129 170 177 182 201 212 259 262 279 297 305 307 324 362 380 459 463 470 475 526 540 546 557 567 572 591 642 644 645 646 647 716 772 996 1000 1336 1407 1712 2089 2268 2441 2482 2558 2618 2648 2716 2765 2846 3044 3104
371 50
372 138 147 206 453 518 550 724 776 801 811 863 1139 1274 1318 1376 1408 1624 1747 1874 1990 2042 2120 2467 2468 2487 2717 2863 2970
373 51 55 71 77 79 87 89 92 100 106 111 112 129 167 169 183 184 187 194 204 206 207 211 218 229 230 238 241 260 261 270 275 279 289 301 305 320 324 326 342 352 381 382 387 394 403 406 410 427 428 429 463 467 470 473 487 501 506 511 518 519 538 551 560 572 592 595 596 601 633 634 642 648 652 659 670 708 714 718 720 725 727 750 767 786 796 801 834 843 845 847 855 871 875 885 888 892 905 926 934 935 961 966 981 1006 1042 1064 1066 1068 1073 1077 1085 1089 1103 1107 1142 1190 1216 1222 1224 1239 1244 1249 1254 1257 1277 1283 1302 1342 1359 1366 1368 1372 1374 1394 1414 1417 1456 1458 1466 1478 1486 1487 1489 1493 1555 1567 1579 1588 1595 1598 1616 1624 1659 1665 1668 1671 1672 1685 1693 1713 1727 1746 1748 1756 1757 1765 1767 1768 1772 1775 1780 1796 1803 1810 1811 1820 1822 1829 1835 1836 1837 1847 1853 1894 1927 1949 1952 2016 2018 2047 2061 2064 2109 2120 2129 2203 2236 2246 2278 2290 2298 2300 2307 2407 2495 2500 2570 2644 2703 2733 2913 2919
374 77 79 89 147 362 531 758 831 832 1161 1282 1311 1628
375 147 243 274 319 414 667 837 2043 2105
376 51 79 100 140 147 163 169 177 203 207 213 224 234 243 250 252 259 304 364 366 370 371 378 381 391 403 415 426 446 458 479 513 538 551 581 582 642 656 658 726 740 742 770 795 812 901 916 969 987 1012 1055 1092 1103 1119 1222 1228 1246 1251 1550 1551 1645 1756 1760 1822 2035 2048 2135 2150 2373 2414 2489 2567 2715
377 151 224 290
378 77 1498
379 151
380 151
381 100 102 107 109 110 113 128 147 168 169 247 270 272 310 394 427 453 489 500 554 563 566 567 600 617 633 694 699 719 764 775 785 836 877 913 956 961 964 977 1083 1112 1147 1241 1303 1318 1359 1386 1440 1454 1605 1606 1638 1659 1677 1681 1769 1804 1878 1891 1974 2018 2023 2048 2054 2083 2129 2196 2198 2209 2298 2304 2432 2572 2833 2862 3089
382 146 170 179 210 256 275 398 419 437 442 443 479 506 549 620 650 696 755 848 990 1004 1025 1107 1130 1169 1179 1226 1289 1301 1338 1378 1389 1424 1462 1555 1557 1562 1574 1575 1722 1804 1806 1824 1829 1832 1834 1864 1881 1891 1900 1909 1928 1930 2070 2206 2319 2491 2633 2635 2812 2996
383 113 118 126 185 201 206 224 243 279 280 283 297 301 310 320 321 340 359 394 396 404 415 420 425 428 444 449 458 468 477 535 536 560 561 585 591 740 757 758 764 801 831 850 856 877 896 912 1017 1107 1161 1177 1228 1241 1251 1252 1255 1267 1271 1272 1290 1357 1421 1513 1514 1561 1580 1592 1654 1668 1739 1740 1788 1816 1947 1950 1994 2061 2100 2107 2283 2610 2788 2923
384 50
385 71 89 305 437 472 531 549 555 607 651 667 675 968 1009 1064 1088 1165 1342 1416 1608 1678 1820 2042 2108 2590 2971 3009
386 57 77
387 81
388 77 290 958
389 15 74 918
390 118 165 231 306 310 379 424 434 460 477 484 494 498 504 525 543 629 670 763 943 944 951 960 1134 1212 1275 1467 1472 1579 1609 1762 1807 1859 2166 2222 2242 2337 2518 2751 2767 2777 2797
391 11 16 166 367 438 509 2535
392 16 223 1196 1236 2988
393 16
394 16 1177
395 81
396 138 202 208 262 306 511 553 804 1154 1558 1641 1776 2007 2822
397 0 5 135
398 81
399 81
400 174 177 203 226 243 262 264 278 281 316 353 381 395 427 435 506 652 654 717 742 962 978 1166 1505 1519 1568 1659 1709 1732 1805 1903 2016 2140 2400 2567 2607 2713 2854 3054
401 50
402 182 194 376 418 437 444 674 722 725 880 935 1158 1160 1351 1705 1854 2999
403 105 177 184 188 213 219 232 256 278 281 282 321 353 393 454 475 506 523 552 564 583 587 651 652 718 753 761 775 776 816 823 835 874 876 881 905 917 926 934 962 971 1057 1064 1093 1110 1113 1132 1133 1135 1147 1159 1181 1192 1220 1226 1244 1304 1392 1499 1582 1652 1659 1693 1709 1754 1762 1776 1801 1818 1912 1917 1938 1978 1980 2010 2016 2048 2093 2096 2113 2118 2122 2177 2202 2232 2275 2318 2406 2413 2426 2429 2457 2604 2623 2636 2755 2820 2840 2848 2902 2936 2951 2987 3063 3094
404 51 63 71 87 92 94 111 118 163 203 226 233 242 243 247 248 260 275 295 301 315 326 371 380 388 391 420 425 428 430 437 442 443 444 474 479 489 513 514 542 544 547 553 554 616 624 626 654 658 673 696 714 750 780 795 812 815 874 886 888 892 927 928 945 1012 1016 1019 1021 1023 1025 1033 1040 1077 1092 1098 1103 1121 1135 1218 1224 1226 1248 1273 1284 1286 1289 1290 1300 1318 1363 1366 1385 1444 1480 1501 1534 1539 1552 1630 1680 1701 1761 1818 1821 1864 1909 1921 1923 1949 2004 2018 2109 2114 2181 2279 2346
405 188 536 967 1659 1880 2412
406 194 253 284 301 380 532 583 587 617 620 623 672 735 758 770 773 882 929 1071 1137 1230 1281 1384 1441 1494 1616 1683 1732 1776 1917 2041 2118 2131 2133 2157 2175 2423 2763 2835 2985
407 90 1181
408 77 80 88 91 92 97 102 108 110 132 147 153 154 158 162 168 169 180 181 182 184 188 191 195 196 200 204 210 213 233 242 247 252 256 270 284 285 305 307 316 326 327 330 335 339 341 344 366 368 373 374 381 388 389 391 397 404 412 421 441 454 462 467 477 478 490 507 514 527 534 535 544 545 547 551 564 585 603 606 607 610 617 624 650 684 686 697 711 720 745 751 755 763 832 837 882 892 896 914 927 929 931 933 947 966 987 1021 1032 1095 1099 1101 1103 1107 1108 1127 1131 1147 1177 1183 1199 1208 1238 1256 1288 1307 1308 1334 1346 1361 1366 1435 1441 1458 1476 1527 1542 1574 1612 1613 1620 1684 1708 1730 1733 1778 1796 1803 1834 1885 1923 1928 1937 1977 2099 2113 2174 2181 2198 2238 2325 2335 2376 2421 2460 2611 2661 2691 2702 2837
409 209 452
410 201 425 541 1737 2043
411 216
412 216
413 222
414 222
415 222
416 223
417 223
418 55 79 97 102 111 117 183 204 227 229 274 279 305 343 375 392 399 413 437 454 458 505 513 607 641 659 747 764 853 895 910 913 969 976 982 1012 1126 1148 1170 1246 1252 1265 1288 1361 1386 1402 1403 1435 1478 1546 1565 1577 1616 1759 1761 1767 1804 1808 1818 1934 1993 2062 2120 2174 2195 2245 2318 2457 2552 2648 2708
419 223 1196
420 48 57 62 89 109 113 152 188 192 209 211 213 233 240 251 264 316 334 339 372 387 395 418 426 427 461 466 480 483 507 547 558 580 581 617 630 658 671 687 690 750 770 780 782 783 810 826 834 845 874 875 895 896 904 925 941 968 1059 1089 1196 1211 1223 1226 1235 1261 1309 1342 1375 1418 1434 1528 1534 1612 1693 1754 1812 1823 1863 1959 2003 2195 2417 2965 3018 3020
421 231 1956
422 77 78 113 128 152 196 215 444 507 1423 1975
423 152 507 1423
424 78 128 2037 2059
425 223 1196
426 238 394 521 532
427 62 66 590 1008 1040 1071 2597
428 243
429 95 100 109 113 132 197 227 297 345 358 487 683 895 937 1503 2186 2728 2983 3056
430 222
431 222
432 211 220 262 265 274 458 530 550 569 740 762 819 850 880 930 1114 1121 1159 1264 1265 1779 2019 2369 2490 2534 2833 2887 2947
433 264 316 376 427 475 479 835 934 1264 1598
434 65 83 88 144 374 438 516 588 664 725 744 847 934 1012 1016 1027 1063 1075 1113 1191 1196 1208 1449 1536 1663 1769 1851 2212 2643
435 92 106 268 302 316 405 906 1119 1552 1909
436 190
437 83 445 578 1016 1449 2880
438 243 278 1758 2298 2350 2504
439 147 174 179 229 243 264 296 346 353 402 406 422 433 434 493 536 552 627 659 684 697 741 753 801 803 822 827 842 844 854 859 881 886 889 926 929 954 1054 1057 1116 1121 1196 1205 1270 1300 1313 1386 1441 1458 1465 1467 1532 1702 1832 1833 1912 1978 1980 2041 2108 2240 2327 2439 2442 2460 2473 2482 2490 2599 2855
440 201 287 288 2549
441 290 491
442 291 292 1552 2700
443 270 296 346 742 1997 2177 2907
444 211
445 3 222 261 292 298 320 407 425 884 987 1109 1419 1689 1790 2451 2507 2756
446 50
447 50
448 12
449 315 325 533 665 837 934 965 997 1069 1156 1164 1292 1803 1860 2273 2393 2524 2533 2539 2650 3087
450 284 317 320 380 407 425 528 689 1048
451 298 380 464 1044 1109 1471 1965 1972 2507
452 317 320 1350 2351 2451 2980
453 298
454 320 326 382 673 674 694 764 1005 1092 1462 1486 1503 1637 1735 2500 2528
455 290 1498
456 40 291 292 317 320 422 494 768 1333 1477 2123
457 50
458 87 110 111 113 134 136 147 158 169 177 196 204 213 220 238 247 260 265 270 272 305 315 316 326 330 334 338 345 346 354 356 362 389 391 394 396 403 423 427 429 437 446 450 451 452 455 459 461 475 479 493 496 500 511 525 526 542 559 561 564 603 617 622 624 646 651 656 671 673 696 756 767 776 783 794 796 803 807 809 830 844 845 850 857 877 888 892 895 912 913 945 959 961 980 1000 1016 1020 1079 1104 1127 1161 1169 1185 1219 1241 1261 1266 1283 1288 1290 1306 1318 1332 1352 1357 1359 1368 1376 1387 1407 1470 1482 1483 1528 1541 1598 1638 1656 1685 1690 1702 1714 1729 1796 1801 1872 1882 1913 1929 1961 1980 2010 2018 2034 2063 2066 2107 2173 2241 2262 2335 2345 2352 2379 2432 2435 2475 2515 2534 2539 2613 2664 2671 2725 2753 2816 2957 2981 3069
459 290
460 317 1230
461 290
462 3 1333
463 3 1471
464 50
465 317 475 807
466 222 292 320 380
467 71 83 84 109 113 134 152 183 195 206 208 232 237 242 243 272 296 316 326 389 392 396 406 422 437 465 466 474 480 490 523 572 591 600 611 636 673 679 712 720 725 767 784 789 820 822 826 854 887 896 924 938 957 980 986 993 1012 1051 1078 1105 1119 1136 1144 1159 1182 1219 1222 1225 1226 1243 1250 1274 1278 1291 1302 1307 1329 1334 1359 1398 1427 1443 1458 1519 1552 1577 1582 1599 1634 1662 1731 1741 1767 1816 1817 1843 1844 1845 1846 1892 1933 2021 2039 2078 2120 2266 2298 2345 2350 2401 2407 2466 2663 2780 2929 2957 3049
468 55 77 97 111 129 181 201 209 227 243 265 281 318 323 362 373 393 400 403 408 427 433 496 510 517 523 526 536 541 547 552 565 595 607 620 625 626 629 642 663 717 764 776 795 807 808 810 812 926 927 936 1032 1066 1076 1099 1104 1133 1146 1225 1228 1241 1246 1265 1267 1292 1293 1379 1414 1425 1450 1470 1509 1561 1574 1599 1644 1697 1796 1803 1812 1815 1907 2021 2093 2173 2460 2520 2521 2787 2984
469 151 290
470 222 292 425 977 1585 1972 2261 2871
471 290 2323
472 87 92 95 99 108 113 147 158 167 169 179 182 189 201 211 219 221 229 242 243 250 259 260 264 265 272 276 278 286 296 315 320 321 327 353 354 359 361 364 371 391 400 403 406 409 427 429 437 443 446 454 465 474 475 479 480 487 493 523 526 528 540 542 614 617 627 645 651 652 670 673 674 684 697 713 742 751 761 763 766 780 786 796 816 818 835 839 853 874 881 888 906 912 913 917 920 926 950 965 967 986 987 1013 1025 1054 1057 1073 1086 1092 1098 1103 1113 1117 1119 1151 1156 1169 1178 1215 1226 1249 1287 1300 1338 1342 1343 1344 1363 1366 1394 1395 1440 1465 1468 1486 1490 1535 1543 1552 1573 1601 1619 1628 1736 1747 1778 1814 1854 1921 1932 1936 1974 2016 2037 2048 2066 2107 2126 2153 2162 2169 2182 2198 2202 2234 2240 2242 2243 2247 2253 2255 2279 2286 2290 2298 2304 2321 2346 2355 2369 2423 2455 2469 2559 2567 2580 2595 2659 2684 2880 2998 3037 3044 3114
473 222 1333
474 317 320 689 1246 1520
475 97 110 156 205 211 238 278 279 296 320 325 351 354 357 363 366 368 373 381 387 396 426 428 441 456 531 538 565 572 581 583 607 795 801 836 863 892 912 917 955 962 978 1066 1076 1113 1119 1246 1249 1251 1283 1293 1311 1336 1340 1400 1414 1444 1448 1538 1539 1540 1542 1546 1607 1694 1722 1747 1820 1888 1998 2066 2071 2129 2191 2218 2263 2335 2377 2417 2439 2584 2726 2758 2840 2997 3050
476 51 57 77 79 94 108 162 181 184 209 211 241 244 282 284 286 353 364 371 378 403 416 425 435 541 564 591 624 637 649 654 662 682 686 758 770 803 819 862 865 880 881 916 923 926 978 981 982 996 1004 1007 1055 1068 1107 1111 1121 1127 1177 1190 1224 1225 1284 1288 1300 1338 1350 1351 1375 1389 1403 1459 1599 1659 1671 1685 1754 1775 1780 1803 1837 1840 1947 1982 2002 2098 2174 2235 2378 2429 2568 2882 2883 2909
477 229 448 1012 1148 1358
478 290
479 99 100 111 113 258 260 304 321 353 371 391 427 437 446 505 518 523 558 658 670 761 764 785 890 923 1024 1045 1074 1103 1170 1252 1476 1533 1539 1690 1803 2048 2218 2253 2304 2336 2350 2727 2745 2869
480 5 15 2729
481 473
482 259 913 1246 1279 1965
483 89 99 108 146 147 149 167 168 170 180 183 200 233 240 247 249 301 357 364 375 402 404 437 441 446 451 456 458 474 475 481 483 488 498 500 523 548 549 591 592 596 617 620 621 629 666 688 696 697 700 743 757 767 776 799 803 811 848 865 905 946 948 957 986 1012 1071 1089 1101 1107 1109 1185 1211 1223 1227 1332 1346 1499 1573 1852 1892 1974 2004 2040 2160 2210 2677 2773 3094
484 482
485 3
486 50
487 77 87 115 142 187 206 229 238 270 278 315 316 331 347 363 381 387 393 404 416 425 426 427 441 446 470 488 537 559 625 642 644 645 650 764 767 787 813 833 859 888 902 928 931 947 1000 1076 1097 1103 1128 1169 1177 1196 1236 1395 1545 1702 1777 1820 1859 1919 2037 2195 2355 2438 2541 2710 2833 2879
488 83 97 101 108 111 128 153 154 177 184 201 209 212 255 259 279 317 320 341 344 354 362 363 368 378 387 389 391 396 426 427 433 443 446 456 500 520 523 526 536 542 549 561 572 610 630 651 656 662 673 696 699 701 714 740 745 764 765 795 796 808 834 843 879 909 923 926 959 964 995 1000 1008 1033 1096 1098 1118 1183 1184 1213 1218 1225 1243 1254 1255 1257 1415 1460 1467 1511 1549 1588 1622 1686 1700 1715 1722 1734 1748 1751 1787 1796 1889 1909 2000 2058 2207 2242 2255 2271 2298 2314 2369 2502 2558 2619 2727
489 491
490 79 97 109 113 162 180 209 229 240 264 301 320 364 372 375 427 434 477 493 498 513 520 521 540 560 572 573 582 603 636 659 663 670 690 691 715 735 770 774 786 816 817 821 862 873 881 934 984 987 1019 1055 1076 1085 1089 1177 1224 1226 1238 1244 1250 1276 1393 1402 1546 1576 1577 1685 1732 2004 2137 2193 2203 2224 2273 2310 2383 2637 2751 2916 3118
491 163 288
492 163 1181
493 395
494 515 597 3102 3124
495 71 78 79 108 111 113 115 118 158 183 184 201 214 241 262 272 295 301 316 320 326 330 336 341 362 363 366 376 380 381 391 396 415 428 429 473 477 501 548 550 572 576 585 627 631 646 654 674 699 700 712 716 729 730 767 769 770 782 834 835 838 853 860 871 899 912 927 940 943 1005 1010 1012 1021 1040 1042 1053 1054 1055 1069 1098 1103 1107 1146 1161 1217 1257 1284 1289 1290 1291 1302 1372 1387 1417 1466 1489 1506 1522 1544 1551 1610 1630 1633 1730 1754 1763 1820 1822 1943 1976 1980 1994 2032 2066 2109 2114 2172 2177 2183 2243 2301 2397 3096
496 77 78 507
497 320 1246
498 522
499 290 2778
500 50
501 301 520 527 532 587 770 773 1494 1776 2052 2340
502 291 292 1152 1246 1279
503 536 655 692
504 16 276
505 16 1991
506 292
507 290 491
508 462 544 563 622 740 764 773 775 1020 1116 1180 1267 1342 1559 1589 1706 1787 1810 1971 2035 2089 2110 2127 2371 2398 2840 2893 2945 2983 3055 3062
509 0 5
510 522
511 93 1129
512 50
513 8 47 222 1016
514 83 89 97 101 134 136 168 180 208 218 232 259 275 283 321 334 353 362 374 435 442 450 464 469 506 531 553 568 588 607 657 684 740 741 745 795 803 812 827 830 837 843 844 863 983 996 1012 1071 1075 1078 1106 1107 1110 1112 1211 1216 1272 1345 1407 1409 1419 1456 1470 1498 1540 1593 1724 1767 1786 1805 1834 2010 2059 2123 2168 2224 2298 2350 2469 2699 2742 2744 2984 2986 3032
515 12
516 12 1129
517 231 372 376 475 498 543 545 594 654 671 673 721 724 738 763 772 808 811 951 981 1073 1134 1179 1238 1260 1275 1402 1409 1411 1465 1547 1609 1766 1770 1788 1838 1852 1859 2017 2065 2110 2242 2402 2492 2519 2751 2777 2790 3041
518 445 578 1122 2675
519 55 83 108 115 156 158 179 213 275 281 301 316 356 408 409 428 437 442 451 458 500 523 535 558 572 592 605 629 632 661 663 672 700 710 758 764 775 776 811 830 844 845 854 926 934 941 944 957 977 993 1058 1062 1098 1123 1323 1352 1368 1372 1374 1414 1430 1431 1551 1622 1672 1685 1702 1778 1822 1874 1890 1905 1933 1994 2109 2120 2161 2167 2181 2207 2218 2253 2438 2607 2724 3112
520 87 100 109 110 111 125 167 168 183 194 233 243 295 322 327 347 381 382 388 394 415 437 469 470 488 494 507 528 531 536 540 550 572 617 656 658 672 673 682 690 714 718 748 750 766 790 795 827 853 871 892 896 975 987 990 991 995 1040 1051 1054 1064 1073 1112 1180 1192 1199 1225 1235 1248 1251 1269 1286 1290 1293 1302 1310 1336 1342 1351 1373 1385 1449 1451 1541 1562 1569 1574 1606 1609 1618 1633 1655 1659 1678 1681 1694 1707 1716 1747 1748 1751 1756 1760 1812 1818 1822 1836 1840 1856 1873 1888 1907 1910 1911 1925 1929 1930 1935 1942 1953 1972 2019 2033 2054 2058 2066 2084 2119 2123 2156 2177 2187 2190 2191 2193 2195 2218 2238 2247 2304 2318 2376 2378 2382 2388 2407 2414 2415 2419 2423 2426 2438 2444 2446 2469 2516 2562 2573 2574 2633 2646 2662 2674 2680 2681 2690 2697 2703 2733 2740 2750 2762 2782 2786 2801 2810 2812 2818 2828 2840 2845 2857 2860 2869 2870 2874 2909 2911 2924 2935 2948 2953 2995 3000 3004 3035 3040 3043 3049 3079 3108 3130
521 261 425 2261
522 597
523 618
524 485
525 40 292 425 640 1325 2700
526 290
527 292 425
528 55 101 102 103 108 115 134 169 200 203 213 217 219 229 243 256 264 274 275 295 304 316 326 345 353 357 361 372 391 420 435 465 488 540 547 549 564 589 607 609 617 663 674 680 747 758 803 811 812 836 847 850 888 895 912 914 962 966 1042 1047 1076 1086 1095 1103 1105 1106 1116 1118 1123 1135 1137 1138 1179 1235 1241 1290 1293 1300 1316 1343 1351 1357 1361 1365 1367 1382 1464 1465 1466 1557 1560 1565 1586 1609 1623 1629 1653 1658 1671 1678 1700 1701 1830 1854 1858 1889 1925 1942 1943 1968 1990 2000 2060 2066 2107 2112 2190 2194 2207 2311 2403 2405 2417 2519 2595 2609 2705 2709 2770 2825 2872 2889 2892 2992 3041 3107 3122
529 290 491
530 656
531 602
532 290
533 290 602
534 77 95 110 126 158 162 208 212 236 238 243 253 270 281 305 316 339 340 341 364 381 420 428 433 467 474 496 501 504 507 510 516 523 526 536 551 553 564 568 620 663 672 675 736 740 745 759 803 807 827 845 866 890 927 994 1003 1029 1119 1123 1131 1160 1196 1199 1216 1218 1222 1237 1243 1251 1289 1314 1328 1332 1355 1385 1395 1427 1434 1436 1440 1443 1447 1457 1493 1514 1531 1541 1581 1608 1646 1666 1677 1681 1691 1707 1767 1838 1894 1906 1938 1950 2047 2131 2178 2181 2189 2203 2229 2243 2317 2389 2414 2584 2641 2893 2941 2978
535 38 81 88 177 223 276 357 425 584 1012 1063 1113 1196 1208 1236 1407 1547 1924 2080 2244 2548
536 81 423
537 570 658
538 290
539 290
540 21 29 288 322 405 507 535 767 958 1084 1181 1208 1364 1405 1504 1843 1913 1942 2396 2464 2876
541 16 2056
542 81 423
543 16
544 485
545 485
546 485
547 78 507
548 50
549 50
550 50
551 357 423 1177 1407
552 423 425
553 423 464 1177 1407
554 50
555 247 357 423
556 234 247 283 464 490 593 619 634 685 700 736 746 800 815 1079 1115 1119 1152 1183 1194 1232 1350 1359 1360 1369 1376 1477 1590 1602 1665 1689 1725 1799 1819 1958 1972 2174 2313 2351 2814 2815 2896 2915
557 16 38 88 223 425 464 584 688 732 802 805 1063 1177 1186 1196 1236 1350 1696 1703 2056 2244 2448 2842
558 423 732 1177
559 507
560 357 423
561 395
562 50
563 50
564 50
565 50
566 11 423 584 732 1177 1196 1354 1948 2080
567 50
568 50
569 423 1177
570 50
571 515 597
572 728
573 515 597
574 515
575 597
576 597
577 597
578 423 564
579 535 771 1071 2542
580 423 1063
581 222
582 393 712 784 792 1298 1714 1812 2869
583 12
584 12
585 89 270 304 452 643 663 684 886 1023 1225 1243 1256 1295 1403 1668 1702 1705 1718 2039 2174 2194 2202 2260 2316 2346 2595 2686 2708 2914 2930 2942
586 805 1177
587 728
588 817 1075 2058 2212
589 23
590 577 597
591 597
592 290
593 423 1063
594 863
595 867 868
596 867 868
597 867 868
598 805
599 423
600 883
601 40 108 110 128 129 149 208 218 260 308 340 357 382 435 442 489 490 551 576 606 622 624 659 723 742 755 763 767 775 821 826 834 889 895 909 936 994 1040 1078 1085 1103 1114 1117 1118 1124 1128 1143 1172 1173 1174 1178 1196 1216 1232 1235 1246 1301 1305 1344 1345 1395 1549 1577 1621 1622 1669 1732 1736 1748 1756 1771 1815 1832 1833 1859 1898 1899 1915 1916 1917 1965 1971 1989 1997 2106 2113 2135 2153 2172 2219 2291 2311 2365 2369 2385 2428 2482 2528 2619 2647 2673 2674 2679 2682 2839 2900 2962 3025
602 88
603 423
604 88 374 423 1196 1407
605 507
606 16 38 374
607 867 868 1129
608 867 868
609 867 868
610 867 868
611 867 868
612 291 292 499 1333
613 867
614 867
615 867
616 867
617 867
618 867
619 867 868
620 867 868
621 867
622 867
623 507
624 171 181 301 366 403 488 499 510 552 620 623 624 639 652 686 687 699 718 803 831 844 845 846 858 962 964 971 1012 1053 1078 1121 1154 1190 1244 1246 1277 1305 1328 1342 1470 1610 1640 1654 1732 1766 1812 1873 1915 1928 1943 1950 2068 2147 2275 2345 2521 2602 2603 2984 3051
625 50
626 50
627 867 868
628 867 868
629 867 868
630 87 100 111 112 113 183 185 252 278 301 318 320 353 391 471 607 630 671 707 712 763 764 786 795 807 815 853 863 875 890 892 898 944 965 997 1004 1037 1053 1078 1106 1123 1132 1137 1139 1180 1226 1247 1251 1252 1262 1264 1290 1339 1350 1444 1461 1583 1609 1611 1612 1626 1676 1761 1820 1824 1858 2019 2048 2050 2070 2074 2110 2172 2221 2258 2272 2304 2345 2347 2432 2452 2484 2629 2816 2826 2827 2859 2869 2895
631 158 179 180 184 206 260 274 348 352 353 373 455 493 550 565 600 607 633 696 720 731 776 811 827 845 916 926 930 934 945 990 1005 1020 1055 1103 1153 1223 1226 1244 1283 1339 1367 1372 1394 1408 1449 1499 1514 1532 1537 1555 1619 1685 1723 1763 1925 1928 1935 2263 2660
632 40 48 83 95 158 169 180 201 210 243 258 283 322 340 344 348 366 396 404 425 435 450 454 487 523 544 551 591 633 654 655 684 685 688 692 700 720 740 803 837 873 897 931 966 987 990 1053 1054 1066 1103 1112 1125 1156 1196 1207 1222 1224 1246 1248 1255 1269 1273 1363 1368 1503 1515 1539 1541 1549 1582 1605 1632 1657 1720 1749 1751 1761 1767 1787 1819 1905 1935 1980 2107 2178 2584 2742
633 65 445 1396 1449 2738
634 78 507
635 57 190 458 1480 1498 2274
636 867
637 867 868
638 92 95 99 101 102 113 118 119 147 158 167 208 209 210 211 233 260 269 272 276 286 304 320 326 343 346 348 359 361 366 382 394 406 428 435 437 442 454 458 474 507 523 548 564 567 572 600 613 625 652 656 663 677 679 684 712 714 716 719 727 742 750 753 756 761 763 767 770 780 791 796 817 823 827 833 835 836 844 848 863 873 890 892 912 927 940 941 945 950 954 957 969 975 981 983 987 990 991 994 1003 1005 1006 1011 1033 1054 1076 1093 1098 1099 1103 1116 1119 1121 1150 1153 1156 1161 1177 1179 1182 1183 1188 1190 1198 1211 1216 1224 1226 1228 1237 1241 1248 1266 1284 1290 1309 1310 1318 1337 1359 1363 1366 1372 1387 1388 1426 1443 1444 1451 1466 1531 1533 1534 1539 1550 1566 1582 1611 1623 1639 1642 1693 1733 1736 1747 1751 1780 1796 1805 1806 1807 1815 1832 1854 1856 1859 1862 1878 1888 1894 1913 1929 1938 1943 1947 1971 1976 1978 1980 1985 1998 2016 2019 2058 2063 2100 2109 2111 2113 2114 2115 2117 2120 2134 2139 2146 2154 2155 2159 2162 2172 2174 2180 2190 2191 2204 2213 2217 2218 2230 2238 2243 2245 2269 2282 2286 2290 2298 2309 2346 2350 2400 2439 2459 2468 2476 2480 2484 2542 2552 2560 2564 2579 2596 2597 2614 2615 2629 2691 2697 2710 2719 2726 2744 2772 2777 2787 2810 2811 2820 2852 2948 3004 3009 3031 3060 3096 3106 3107 3109 3110 3112
639 1005 1462 1535 1840 2088 2581
640 144 577 918 920 1500 1841
641 1012 1414 1577
642 222
643 222
644 744 1016
645 47 1284 3033
646 100 111 113 119 134 213 232 243 316 318 391 403 406 414 428 469 488 501 535 550 565 617 674 714 758 765 775 795 817 848 885 892 934 947 967 1019 1061 1076 1077 1098 1099 1104 1107 1156 1166 1168 1281 1283 1301 1352 1404 1405 1428 1451 1458 1506 1552 1578 1621 1649 1753 1784 1908 1909 1950 2008 2028 2048 2117 2128 2146 2181 2192 2218 2280 2311 2355 2366 2432 2476 2606 2639
647 50
648 108 213 741 865 1441 1700 2240 2438
649 47
650 140 207 243 254 259 272 281 304 320 330 338 353 361 366 376 403 427 433 454 474 501 506 533 547 591 600 607 620 633 700 718 740 750 764 795 804 821 860 888 892 895 898 950 957 981 990 1027 1031 1037 1041 1042 1053 1069 1070 1073 1074 1078 1117 1137 1140 1156 1163 1164 1190 1218 1226 1233 1246 1249 1251 1281 1292 1341 1342 1386 1388 1389 1409 1437 1444 1462 1507 1515 1526 1541 1548 1557 1567 1578 1626 1628 1670 1686 1693 1786 1797 1798 1820 1860 1883 1917 1932 2028 2035 2066 2083 2114 2141 2172 2175 2181 2198 2218 2219 2261 2281 2282 2311 2328 2333 2345 2346 2435 2449 2468 2474 2475 2484 2489 2501 2512 2520 2537 2631 2639 2658 2672 2684 2720 2721 2787 2858 2903 2918 2920
651 222
652 47 1016 1284
653 223 1012 1063 1075 1097 1113 1208 1686 2208 2212 2988 3092
654 288 1181 2876
655 55
656 51 55 110 177 188 288 299 308 310 357 395 441 490 523 541 560 565 589 637 688 736 757 784 827 836 850 852 877 892 947 964 975 987 1023 1025 1053 1075 1096 1131 1132 1143 1152 1215 1246 1248 1332 1334 1395 1414 1448 1449 1514 1529 1571 1595 1596 1691 1727 1730 1732 1773 1892 1928 1995 2006 2012 2118 2181 2254 2318 2327 2355 2405 2411 2423 2446 2473 2508 2603 2883
657 190 491
658 83 101 102 171 177 201 224 288 295 391 446 451 458 501 535 536 547 551 569 607 620 658 759 770 818 926 934 963 991 1033 1054 1103 1123 1147 1154 1161 1184 1263 1289 1345 1360 1361 1363 1366 1404 1427 1601 1621 1639 1690 1820 1863 2172 2314 2338 2365 2367 2368 2426 2502 2547 2568 2570 2641 2662 2857 2995
659 1016
660 1016
661 222 884
662 290
663 190
664 1006
665 190
666 291 1109 1843 2841
667 82
668 1042
669 11 367 438 732 934 1012 1063
670 1171
671 290 491
672 290 1197 2503
673 1063 1422
674 50
675 292 499 1333 1783
676 57 83 92 147 210 211 212 233 256 269 286 295 305 340 356 360 391 451 523 537 547 572 586 620 651 652 668 685 699 700 750 809 832 836 885 904 954 982 1013 1033 1098 1134 1137 1166 1179 1188 1193 1194 1198 1226 1267 1277 1288 1311 1318 1336 1337 1361 1366 1368 1375 1434 1450 1465 1467 1476 1501 1510 1533 1624 1705 1708 1733 1759 1805 1838 1934 1997 2011 2060 2088 2100 2132 2284 2718 2758
677 48 77 83 102 111 156 169 180 221 242 247 260 274 295 305 336 455 459 523 536 572 642 750 759 776 807 896 929 930 945 1053 1064 1096 1099 1107 1196 1211 1224 1229 1231 1311 1355 1389 1394 1402 1462 1469 1482 1487 1595 1716 1829 1847 1932 1949 1953 1972 2115 2157 2174 2178 2203 2331 2502 2633 2759 2808 2838
678 1039
679 867 868 1129
680 1129
681 867 868
682 0 5 21 66 435 499 640 1494 2174 2261 2351 2566
683 48 71 77 81 83 87 95 101 102 108 113 118 147 158 168 180 195 196 201 210 221 241 242 276 322 332 336 344 362 364 366 381 385 396 404 423 435 441 444 450 452 478 479 506 516 548 572 579 605 607 620 626 633 638 642 651 654 700 701 736 757 759 764 795 803 832 837 845 847 853 873 897 927 934 945 963 987 1005 1040 1043 1044 1053 1066 1076 1107 1110 1112 1137 1177 1183 1185 1207 1211 1224 1229 1230 1241 1248 1261 1272 1287 1289 1314 1360 1367 1374 1382 1385 1389 1427 1433 1440 1443 1462 1475 1482 1485 1489 1499 1509 1529 1559 1575 1577 1582 1597 1615 1623 1630 1642 1643 1667 1682 1683 1690 1708 1759 1767 1781 1792 1795 1804 1829 1859 1864 1888 1931 1932 1933 1935 1937 1939 1953 1965 1976 1994 2033 2039 2087 2108 2120 2133 2157 2161 2172 2173 2174 2176 2263 2311 2330 2432 2470 2530 2557 2603 2632 2633 2646 2713 2742 2810 3028
684 99 127 149 177 210 224 260 304 344 396 425 464 474 516 551 607 620 624 638 651 666 674 744 769 803 829 888 947 957 1020 1064 1077 1099 1112 1126 1137 1184 1211 1251 1261 1273 1301 1310 1338 1374 1385 1434 1440 1489 1636 1685 1718 1804 1827 1854 1878 1888 1889 1928 1943 1947 1989 1994 2004 2016 2052 2068 2090 2100 2172 2173 2178 2263 2355 2405 2633 2641 2695 2742 2763 2799 2813
685 867
686 21 29 92 507
687 0 5 29 89 475 541 652 1799 2261
688 304 2778
689 1012 1321 1663
690 48 60 62 87 92 101 125 158 181 182 210 249 256 305 320 344 355 356 357 361 362 381 391 396 404 420 442 523 547 568 592 620 632 658 720 740 741 747 757 790 807 827 836 837 909 945 947 948 954 964 1016 1053 1071 1077 1089 1161 1164 1207 1211 1253 1273 1339 1346 1361 1368 1374 1385 1388 1434 1441 1470 1501 1508 1559 1566 1604 1615 1627 1657 1689 1705 1719 1768 1781 1804 1805 1871 1876 1881 1886 1894 1902 1905 1934 1986 2060 2108 2181 2240 2243 2311 2314 2467 2470 2544 2556 2561 2625 2644 2719 2763 2835 2963 3008 3032
691 1236 2842
692 223 1196
693 491
694 1196 1243
695 491
696 767
697 222 1333
698 16
699 867 1129 1312
700 867 868
701 16 1129
702 22
703 1319
704 4
705 830
706 491
707 16 1129
708 16
709 16 1129
710 16
711 16 2080
712 1196
713 1196
714 1196
715 1236
716 50
717 50
718 867
719 22 367
720 1196 2842
721 50
722 395
723 16
724 11 93 276 1177
725 11 367 438
726 11 367 438
727 11 93
728 1196
729 367 438
730 11 2842
731 597
732 1012
733 1333
734 1401
735 367 438
736 11 367 438 2080
737 367
738 11 367 438
739 11 88 93 367 438 805 1177 2080
740 367
741 1236
742 1236
743 509
744 11 367 1236 2842
745 11 367 438
746 11 93 367 732 934 1177 1422
747 317 320 473 620 1305 1439 1661
748 78
749 38 93 177 357
750 1420
751 55 80 111 171 211 260 283 320 321 338 340 434 454 470 479 488 623 674 795 796 812 844 922 991 993 1005 1012 1042 1051 1060 1061 1093 1103 1105 1118 1123 1131 1140 1156 1190 1193 1205 1217 1230 1239 1248 1249 1293 1323 1344 1386 1449 1513 1548 1551 1555 1557 1567 1582 1617 1628 1665 1670 1681 1701 1709 1720 1722 1736 1750 1751 1760 1771 1772 1796 1807 1833 1838 1847 1853 1918 1921 1927 1972 1974 1978 1980 1985 1994 2006 2007 2016 2023 2027 2032 2037 2055 2066 2077 2100 2114 2137 2151 2159 2172 2177 2198 2210 2236 2242 2243 2247 2249 2280 2282 2295 2298 2327 2328 2337 2346 2414 2452 2478 2480 2495 2516 2526 2681 2689 2698 2704 2714 2742 2753 2772 2795 2801 2828 2838 2881 2888 2953 3003 3096 3109
752 357 1481 1551
753 491
754 357
755 11 367 2842
756 11 367 438
757 1426 1497
758 94 97 140 243 365 381 420 498 506 593 750 763 797 830 927 1064 1178 1190 1215 1334 1342 1552 1577 1753 1760 1764 1788 1812 1824 1879 1921 2048 2238 2368 2372 2442 2452 2665 2701 2943 3123
759 491
760 1333
761 11 93 367 438
762 11
763 11 367 438
764 11 367 438
765 11 93 367 438
766 11 93 367 438
767 11 93 367
768 11 93 367 438
769 11 367 438
770 11 367
771 867 868 1129
772 1129
773 867 1129
774 1129
775 1129
776 1129
777 1129
778 1129
779 1129
780 1129
781 1129
782 1129
783 1129
784 867 868 1129
785 1181 1442
786 81 83 152 266 341 344 391 443 450 488 531 554 581 624 909 929 990 1051 1064 1156 1161 1163 1223 1226 1235 1253 1286 1290 1293 1295 1325 1334 1338 1366 1385 1416 1434 1469 1529 1573 1578 1596 1628 1677 1681 1730 1870 1896 1922 1926 1928 1930 2100 2316 2420 2507 2621 2632 2655 2658 2678 2735 2749
787 223
788 1129
789 1129
790 1129
791 1129
792 1129
793 1129
794 1129
795 1129
796 1129
797 1129
798 1129
799 1129
800 1129
801 1129
802 1129
803 1129
804 1129
805 1129
806 1129
807 1129
808 1129
809 1129
810 1129
811 1129
812 1129
813 1129
814 1129
815 578 1012 1063 1663 2244 2377
816 1354 2842
817 1177 1354
818 1129
819 223
820 50
821 395
822 491
823 1129
824 50
825 1129
826 1129
827 367 438
828 1129
829 1129
830 50
831 1129
832 1129
833 1129
834 50
835 1129
836 144 438
837 292
838 1333
839 867 868
840 812 1016 1119 1711 2027 2876
841 1129
842 78
843 1426
844 51 111 134 172 211 213 242 259 320 391 400 430 437 441 478 488 526 535 572 595 607 617 646 656 761 795 853 892 908 927 941 956 987 997 1012 1019 1040 1074 1092 1103 1161 1193 1219 1226 1236 1239 1248 1284 1307 1340 1470 1485 1488 1534 1539 1541 1544 1574 1577 1578 1622 1676 1721 1722 1751 1754 1768 1786 1822 1830 1857 1862 1923 1929 1969 1993 2037 2109 2135 2144 2183 2228 2246 2253 2270 2282 2357 2389 2446 2660 2746 2768 2785 2939 2996 3077
845 867
846 491
847 223 357 732
848 223 1236
849 1422
850 867 868
851 577 1129
852 491
853 956 977
854 491 1480
855 71 109 113 127 129 171 242 275 327 379 455 526 548 549 595 655 670 750 879 913 919 965 967 981 995 1006 1013 1051 1116 1140 1156 1167 1183 1190 1205 1218 1249 1251 1267 1289 1298 1318 1325 1332 1371 1376 1387 1389 1402 1440 1504 1506 1544 1562 1578 1595 1612 1634 1645 1650 1659 1671 1701 1705 1712 1722 1734 1736 1748 1752 1779 1780 1796 1799 1804 1806 1813 1817 1820 1919 2058 2115 2168 2172 2173 2199 2241 2311 2372 2549 2595 2758 2792 2820 2852 2911
856 93 276 357 425 1243
857 50
858 867
859 491
860 491
861 1084
862 1333
863 276
864 16 2022 2363
865 491
866 987 1497
867 987 1426
868 491
869 1520
870 93 934
871 1426
872 732 1236
873 911
874 1498
875 577 1056
876 958
877 1399
878 223
879 1399
880 1236
881 577
882 577
883 491
884 491
885 491
886 1675
887 1181 2876
888 1181
889 1619
890 1399
891 1236
892 584 1703
893 1236
894 392 460 487 622 784 964 1042 1053 1061 1131 1470 1839 1993 2053 2084 2115 2275 2357 2372 2455 2483 2488 2796 2829 2944 3073
895 1498
896 12 509
897 509
898 112 147 169 391 462 488 536 562 572 620 629 651 686 718 831 839 987 1137 1161 1314 1385 1549 1610 1628 1682 1730 1736 1758 1770 1771 1806 1901 1943 1978 2012 2106 2125 2171 2172 2275 2356 2414 2553 2901 2974 3111
899 224 491
900 491
901 1742
902 607 1807 2030 2761
903 1769
904 136 203 243 247 260 261 279 323 326 338 343 346 428 475 476 478 479 510 526 655 661 684 697 721 767 770 776 803 815 886 890 895 904 934 989 991 1021 1025 1042 1052 1053 1068 1112 1127 1185 1216 1239 1248 1254 1257 1286 1293 1307 1316 1332 1344 1366 1385 1395 1414 1440 1444 1447 1465 1482 1508 1511 1537 1577 1610 1628 1636 1670 1681 1690 1693 1712 1720 1733 1749 1768 1779 1786 1788 1803 1805 1822 1829 1834 1888 1894 1913 1923 1980 2033 2037 2093 2100 2165 2172 2178 2207 2213 2237 2246 2266 2279 2288 2298 2311 2320 2324 2326 2350 2484 2529 2569 2570 2584 2726 2727 2758 2759 2791 2818 2820 2824 2839 2840 2877 2892 2893 2914 2917 2921 2926 2928 3000 3040
905 62 111 147 177 280 376 395 476 479 501 548 658 697 801 803 873 887 912 1020 1111 1147 1244 1342 1458 1582 1646 1671 1700 1718 1753 1763 1778 1832 1848 1888 1894 1909 1928 1950 2066 2088 2089 2107 2196 2213 2233 2275 2294 2342 2389 2523 2641 2684 2730 2749 2764 2868
906 1236
907 216
908 1795
909 597
910 577
911 88 732 1861
912 1861
913 224 1805 1903
914 509 1236
915 491
916 491
917 1887
918 378 1614 1913 2212
919 491
920 491
921 1236
922 491
923 1236 2842
924 1940
925 1843
926 1964
927 8 47
928 491
929 491
930 1236
931 93 1177
932 491
933 290
934 867
935 491
936 1129
937 1129
938 2080 2363 2410 2842
939 2080
940 87 99 134 167 211 302 304 382 396 403 415 428 473 536 617 780 795 797 800 813 831 954 979 990 1078 1283 1403 1434 1504 1544 1574 1642 1659 1693 1705 1736 1747 1773 1779 1792 1803 1820 1961 2060 2062 2090 2092 2128 2129 2137 2138 2153 2167 2177 2191 2198 2203 2254 2259 2271 2290 2291 2296 2303 2341 2350 2368 2369 2389 2417 2445 2454 2516 2545 2567 2637 2677 2684 2689 2708 2781 2824 2969 3005 3076
941 290
942 977 1181 1321 2890
943 222
944 292
945 367 509 2080 2363
946 93 2080
947 2080
948 56
949 56
950 56
951 56
952 2123
953 1477 1552
954 464
955 56
956 177
957 2225
958 177
959 867
960 867 868
961 867 868
962 867 868
963 868
964 867 868
965 867
966 867
967 2212
968 867 868
969 867 868
970 868
971 867 868
972 1895 2212 2464
973 867 868
974 867
975 867 868
976 868
977 867
978 867
979 867 868
980 867 868
981 867 868
982 867 868
983 867 868
984 867 868
985 868
986 868
987 867 868
988 867
989 868
990 867 868
991 868
992 867 868
993 867 868
994 867
995 868
996 867 868
997 867
998 868
999 868
1000 867 868
1001 867 868
1002 867 868
1003 867 868
1004 867 868
1005 867
1006 867 868
1007 867
1008 867
1009 97 243 299 420 548 565 617 776 795 846 947 981 986 1052 1071 1078 1114 1239 1264 1272 1321 1375 1387 1404 1407 1408 1415 1440 1444 1558 1657 1670 1723 1747 1751 1761 1917 1943 1965 1980 2035 2037 2159 2191 2209 2295 2297 2350 2354 2357 2369 2378 2395 2406 2417 2422 2446 2453 2456 2468 2519 2540 2551 2567 2575 2597 2608 2612 2633 2641 2674 2701 2737 2804 2807 2819 2840 2917 2961
1010 2073 2287 2293 2295 2719 2809 2832 2849 2864 2952 2990 3029 3046 3058 3099 3103 3105 3106 3107 3115 3116
1011 2212
1012 867 868
1013 867 868
1014 867 868
1015 868
1016 867 868
1017 867 868
1018 867 868
1019 867 868
1020 867 868
1021 867 868
1022 867 868
1023 867 868
1024 867
1025 867
1026 867 868
1027 868
1028 867
1029 867 868
1030 867 868
1031 867 868
1032 867 868
1033 868
1034 868
1035 867 868
1036 867
1037 867 868
1038 867 868
1039 867
1040 868
1041 867 868
1042 867 868
1043 867 868
1044 867 868
1045 867 868
1046 867 868
1047 867 868
1048 867 868
1049 867 868
1050 867
1051 50
1052 491
1053 867 868
1054 867 868
1055 868
1056 867 868
1057 867 868
1058 867 868
1059 867 868
1060 867 868
1061 867 868
1062 867
1063 868
1064 867
1065 867 868
1066 867 868
1067 868
1068 491
1069 491
1070 2080
1071 491
1072 867
1073 867
1074 425 2363
1075 2080
1076 87 89 107 118 209 278 318 346 356 427 467 474 488 513 600 605 652 656 790 809 831 865 879 919 957 979 1000 1042 1051 1063 1152 1193 1223 1225 1226 1265 1398 1416 1440 1458 1550 1595 1622 1647 1715 1732 1772 1818 1820 1871 1891 1903 1929 1936 2110 2129 2171 2172 2188 2210 2291 2298 2330 2331 2342 2386 2407 2418 2435 2485 2523 2590 2601 2787
1077 2080
1078 2080
1079 1354
1080 2080
1081 1129
1082 367
1083 1129
1084 2430
1085 367
1086 367
1087 367
1088 1552
1089 640
1090 867
1091 367
1092 367
1093 367
1094 367
1095 1552
1096 367
1097 2462
1098 2174
1099 2465
1100 2212
1101 2462
1102 151
1103 177
1104 2514
1105 507
1106 507
1107 2212
1108 867
1109 867
1110 2485
1111 1129
1112 1129
1113 2548
1114 177
1115 2585
1116 491
1117 87 89 118 147 159 209 213 274 340 361 372 435 471 488 552 572 642 656 718 740 776 795 800 801 895 904 912 935 1040 1047 1051 1053 1068 1098 1105 1158 1169 1193 1196 1232 1266 1272 1283 1288 1310 1336 1359 1364 1384 1440 1461 1529 1550 1598 1603 1665 1684 1693 1722 1769 1772 1779 1788 1803 1820 1892 1932 1943 2019 2037 2114 2137 2146 2147 2155 2172 2220 2272 2275 2323 2331 2335 2342 2350 2378 2379 2386 2432 2483 2500 2532 2539 2593 2599 2602 2603 2618 2621 2622 2634 2636 2637 2662 2670 2698 2703 2716 2740 2744 2806
1118 151 491
1119 71
1120 459 531
1121 2540
1122 71 987 1000 1016
1123 1063
1124 491
1125 787 2212
1126 2058 2212
1127 787 2212 2669
1128 1422
1129 1807
1130 2643
1131 491 2643
1132 516 664
1133 2212
1134 867
1135 2585
1136 2585
1137 2585
1138 2536 2718
1139 2323
1140 565
1141 2642
1142 2738
1143 2410
1144 34
1145 34
1146 1197
1147 2761
1148 34
1149 2784
1150 491
1151 491
1152 491
1153 34
1154 867
1155 2363
1156 787
1157 34
1158 2832 2994
1159 3 83
1160 565
1161 34
1162 292
1163 2585
1164 34
1165 1236
1166 34
1167 34
1168 1016 2876
1169 276
1170 34
1171 491
1172 491
1173 34
1174 2535
1175 2842
1176 316
1177 38
1178 34
1179 1109
1180 2975
1181 2975 3102
1182 2975
1183 2975
1184 2022 3019
1185 2022
1186 2022 3007
1187 3007
1188 3007
1189 3007
1190 3007
1191 3007
1192 3007
1193 1861 3007
1194 1861 3007
1195 3007
1196 3007
1197 2842
1198 88
1199 3007
1200 3007
1201 3007
1202 3007
1203 2022 3007 3019
1204 3019
1205 3007 3019
1206 3019
1207 1861 3007 3019
1208 1861 3007 3019
1209 1861 3019
1210 1861 3019
1211 1861 3019
1212 3019
1213 3019
1214 1861 3007 3019
1215 1861 3019
1216 1861 3007 3019
1217 1861 3007
1218 1861 3007
1219 1861 3007
1220 3007
1221 3007 3019
1222 3019
1223 3019
1224 3019
1225 3007 3019
1226 3007 3019
1227 3007
1228 3007
1229 3007
1230 3007
1231 3007
1232 3007
1233 3007
1234 3007
1235 3007
1236 2022 3007
1237 3007
1238 3007
1239 3007
1240 3007 3019
1241 3007 3019
1242 3007
1243 3007
1244 3007
1245 3007
1246 2975
1247 3007
1248 3007
1249 3007
1250 3007
1251 3007
1252 3007
1253 2842
1254 3007
1255 3007
1256 3007
1257 3007
1258 3007
1259 3007
1260 3007
1261 3007
1262 3007
1263 3007
1264 3007
1265 3007
1266 3007
1267 3007 3019
1268 1177
1269 3007
1270 3007
1271 3007
1272 3007
1273 3007
1274 3007
1275 3019
1276 3019
1277 3019
1278 3007
1279 2600
1280 2975
1281 93
1282 93
1283 93
1284 93
1285 3007
1286 12
1287 2642
1288 93
1289 2700
1290 491
1291 3083
1292 2975
1293 3102
1294 3102
1295 3102
1296 3102
1297 2922
1298 2842
1299 222
1300 1016
1301 1016
1302 2922
1303 3129
